304
5.3 35/1 145 45
20.0 27/4 252 15
1.2 6/8 79 34
1.5 3/5 16 36
8.2 33/1 33 74
11.3 13/3 30 27
19.4 77/7 177 99
6.2 66/7 202 89
20.0 207/5 214 14
5.1 92/0 295 41
10.4 89/8 179 15
12.5 116/9 188 47
5.4 24/5 29 70
14.0 106/2 215 26
18.0 29/10 182 23
5.4 2/6 10 31
6.2 22/8 36 35
19.2 1/9 54 81
14.5 130/5 297 22
6.0 43/10 106 100
4.5 79/6 185 42
4.5 23/2 247 70
3.5 135/10 285 28
3.2 20/8 55 72
6.3 11/0 59 17
16.5 13/5 201 69
9.1 30/7 54 80
15.4 130/5 159 41
13.2 13/5 219 49
14.4 78/2 140 46
12.2 47/0 112 76
18.1 106/3 191 76
18.3 26/6 37 92
19.5 175/7 257 82
11.5 193/5 214 38
6.0 100/7 176 85
18.5 181/8 209 4
16.1 70/8 139 60
14.1 31/4 38 9
12.1 147/4 201 22
10.2 133/10 198 91
20.0 180/9 274 40
4.2 60/1 71 24
15.4 50/3 106 2
6.3 102/3 190 50
6.0 4/10 15 3
7.5 6/0 64 1
8.4 42/7 43 95
6.5 34/8 64 71
3.1 19/0 44 31
17.4 69/2 164 69
2.1 39/0 206 46
17.1 160/10 234 25
8.2 78/6 245 12
12.4 132/7 136 52
18.2 2/4 5 90
18.1 4/6 215 90
9.2 2/3 115 15
13.0 15/6 200 62
11.3 41/8 86 50
6.0 140/6 149 37
16.5 153/0 219 43
2.2 166/7 217 53
16.0 75/10 208 82
16.3 18/2 18 75
13.5 81/0 198 43
11.5 80/4 104 20
7.5 125/4 200 52
3.1 179/9 188 87
14.1 11/2 11 64
8.4 88/10 154 78
11.5 8/4 14 90
16.3 35/2 42 85
11.4 225/0 263 21
17.5 210/3 213 10
6.0 64/4 144 99
16.1 1/10 12 64
9.2 146/9 273 88
15.2 133/9 278 44
14.1 15/5 21 27
13.1 1/3 4 76
8.2 43/5 282 63
7.5 11/4 237 98
12.5 195/8 241 16
17.2 13/5 16 99
5.2 11/7 232 23
5.2 194/10 246 20
13.1 22/1 63 6
20.0 165/8 237 75
3.5 29/3 206 70
17.2 77/1 113 80
10.4 8/1 225 60
2.5 67/10 283 47
1.0 178/5 217 60
16.3 56/9 74 1
8.5 5/1 7 16
6.1 171/4 256 70
13.0 18/10 73 52
7.4 102/1 244 19
7.2 60/2 92 27
17.3 90/10 170 98
17.3 4/0 71 20
2.2 49/5 116 23
5.5 69/7 232 20
6.4 14/1 25 54
20.0 203/1 283 59
18.0 71/5 149 100
15.2 177/9 267 56
16.1 70/2 140 52
17.0 4/9 162 76
20.0 20/8 143 89
1.5 57/6 258 39
8.5 22/8 159 8
15.4 155/9 263 88
6.5 2/5 33 8
1.4 55/2 95 76
2.1 5/4 55 40
8.4 24/0 51 89
15.1 65/8 209 83
13.1 85/9 116 4
19.2 50/4 164 67
18.0 144/1 175 31
13.4 36/7 210 71
11.4 15/4 271 34
20.0 116/1 136 43
10.3 2/9 15 69
7.3 0/3 0 82
3.4 134/5 142 3
10.5 0/3 1 12
9.1 24/0 40 85
17.0 28/6 44 53
5.2 82/6 166 78
4.3 90/4 114 22
3.5 121/2 132 51
11.5 63/7 96 7
1.1 222/1 269 23
7.5 7/9 213 70
20.0 21/10 23 93
18.1 44/1 65 76
4.5 189/1 235 100
11.5 16/3 173 2
11.3 162/6 196 16
10.0 14/7 128 40
14.1 131/5 197 39
6.5 134/4 155 76
5.3 207/3 211 86
15.2 57/1 225 65
11.1 2/4 62 47
5.4 24/6 92 14
15.0 49/3 75 9
8.5 7/7 160 91
4.3 3/9 213 84
20.0 155/0 170 28
2.3 1/1 1 33
8.3 44/10 72 7
7.2 66/10 89 11
9.5 12/2 12 28
15.5 2/9 259 18
7.0 161/9 186 54
10.1 9/10 56 35
11.3 114/3 198 3
4.1 32/10 229 46
7.4 80/2 158 49
3.3 119/10 155 98
20.0 25/2 52 89
18.0 105/2 168 97
16.2 3/0 45 43
9.5 263/0 282 13
7.1 138/4 237 35
19.3 70/1 136 1
14.5 39/3 45 84
5.4 146/3 202 41
18.3 154/7 293 13
13.1 120/7 203 78
6.0 93/6 296 15
19.5 164/7 268 90
9.3 11/0 117 33
4.2 5/10 229 75
17.3 89/9 207 61
9.4 4/4 36 51
14.1 123/10 220 66
1.3 71/9 130 12
10.2 46/8 228 95
20.0 262/1 263 88
9.5 128/4 243 7
18.1 0/6 16 56
4.4 23/6 41 65
17.4 29/0 70 37
9.4 41/0 270 84
8.2 71/2 85 48
4.2 177/5 223 51
6.2 187/3 255 66
12.0 133/5 179 89
6.3 17/9 49 82
2.3 4/1 5 9
1.4 21/5 27 3
20.0 201/8 288 12
2.3 163/2 206 95
5.5 57/8 60 67
11.4 41/1 63 27
9.0 243/9 279 87
11.5 1/4 1 64
14.3 41/3 146 85
18.3 36/0 80 30
1.5 84/2 181 54
15.5 49/4 115 92
4.0 27/8 281 49
15.1 119/7 213 95
10.3 111/9 123 97
13.0 102/1 180 96
16.4 207/8 276 37
3.4 75/1 251 27
13.5 159/5 186 46
6.3 18/10 28 58
16.2 76/9 134 66
2.4 55/8 61 4
9.4 16/8 36 52
10.4 36/1 100 52
11.4 4/10 13 94
7.0 0/5 77 45
10.3 13/0 172 93
17.0 250/10 276 70
10.0 85/4 86 35
17.3 83/6 113 63
8.5 2/9 75 84
2.1 65/5 82 48
3.2 46/5 73 26
1.3 10/4 11 22
6.5 106/1 230 43
15.1 72/2 75 64
12.1 2/9 31 84
17.5 35/10 43 84
2.0 95/1 281 12
1.5 42/0 250 3
10.0 20/3 36 58
2.3 97/0 287 56
2.2 24/1 65 87
9.4 13/7 33 45
13.3 152/7 192 58
11.3 106/7 204 70
11.5 1/4 286 78
8.5 129/10 164 69
5.5 42/7 79 68
19.4 15/6 17 16
20.0 17/8 25 31
5.0 74/9 241 20
2.5 220/7 231 32
9.2 16/2 16 49
18.3 106/0 230 55
19.2 11/1 12 78
11.2 233/9 260 2
20.0 3/9 14 31
20.0 57/5 130 36
13.4 55/2 112 19
1.1 77/8 159 56
7.1 3/4 21 16
14.0 217/8 299 94
8.2 143/6 153 18
5.2 133/4 170 53
3.2 191/7 242 63
18.2 62/9 230 20
19.4 25/9 56 39
17.2 248/1 289 4
15.3 3/5 129 79
17.2 46/2 53 37
18.1 58/10 88 76
7.4 81/0 170 92
1.4 35/7 290 78
4.4 123/9 299 63
16.4 4/9 74 37
8.2 49/4 60 53
19.4 31/0 78 73
16.4 147/9 263 53
16.0 30/1 178 44
6.5 138/7 300 48
16.5 17/8 95 8
20.0 10/9 65 44
13.2 40/0 44 92
4.0 116/5 241 28
4.5 19/3 198 1
3.4 55/0 199 67
1.0 152/0 177 20
19.4 57/5 236 15
11.4 84/0 122 67
10.0 95/3 168 92
20.0 2/8 190 63
13.4 34/8 81 16
7.0 63/5 96 100
19.4 20/0 230 98
8.0 179/9 270 44
11.1 70/2 188 7
8.4 9/3 10 22
11.0 108/2 296 42
6.2 18/6 218 22
7.5 13/9 89 29
7.1 45/8 241 73
9.0 9/1 10 10
1.2 8/3 222 99
11.1 50/3 119 70
8.1 232/2 248 77
3.4 44/1 210 37
11.2 148/6 150 72
11.1 76/10 113 31
20.0 18/10 215 83
