583535
630086
740467
311898
184067
313897
226112
275289
414870
601872
133992
688174
445493
458061
669109
272197
154954
574254
452385
607452
492908
627653
355900
726599
774076
696950
482932
269131
457726
662852
195034
411295
657912
378511
579583
72014
608613
532454
71298
422999
640235
261468
226383
590388
276970
73199
481332
793846
672833
517102
832796
456900
687877
752343
694322
662483
752431
100748
59880
623540
313314
429647
268078
642013
332226
528237
676459
742193
288115
679878
349229
240530
363571
780825
546434
615485
715772
549187
587161
673815
618726
578636
278457
179454
359429
672321
165851
370153
70473
657959
122153
351873
380124
625378
322469
243574
407313
601297
518373
312372
402475
478376
160562
534697
55902
763131
663939
530650
828702
699644
329034
214235
464057
415233
401305
648594
661664
145071
315199
175393
379808
593510
127847
499887
506288
209983
611754
776249
501297
746786
659299
426840
605086
147698
249054
626191
619646
89003
657835
382001
471720
235568
332755
266171
132082
333771
648632
382426
460198
641857
619106
159703
595051
500000
108795
210459
609864
301908
508247
311420
189287
226251
696511
726326
615806
557207
461080
688970
696606
379255
131339
153653
623043
727324
439662
297421
361109
277468
777838
526298
215088
575136
64475
516339
604191
402157
351376
148531
811223
837355
565960
220933
677476
661067
649902
571716
675187
428835
186343
618324
638007
791664
415618
523772
577204
447689
558181
570254
609135
341308
365100
721993
496697
508654
95826
117708
580692
270244
533926
687251
608811
301926
671368
651108
566357
366689
151771
432444
310493
302672
549863
471509
474429
569161
575150
709462
148583
203210
243736
562364
736180
758757
445331
310409
555106
96432
213755
347391
506356
441701
825948
70551
579871
760039
187587
361833
89145
300043
501856
112785
238113
593430
676024
510235
908378
722320
591622
276301
641905
479919
348125
353561
23470
703623
534205
713256
504452
558764
493749
411489
150800
212552
535372
126688
666137
431060
120717
355362
677691
364293
322907
766105
679038
75325
364388
690158
85207
583917
315984
907027
537251
591868
434988
130090
650612
152010
521246
966896
731222
663129
628621
474507
395887
156610
63005
618458
693866
568938
146018
305697
350840
266076
329090
96671
46520
746725
199552
589662
614823
337265
404419
541317
285646
495167
195814
964770
491654
785607
373301
562430
525442
682328
471325
568836
168833
371854
388984
160327
417784
409803
131294
765323
184288
684294
316839
379838
315391
659661
500859
139766
98178
75017
248371
262995
670231
433918
233905
496450
394994
566083
317472
206111
399512
128510
379500
688194
538383
708613
25657
198660
162163
624410
275148
788285
664755
578478
153446
98611
448642
501672
613366
577395
559375
719378
80171
415148
63919
112210
645520
428652
396521
901858
362978
611891
600458
298507
466954
92224
508867
489318
531677
475481
558381
403862
324875
195383
92844
499868
761431
827810
191381
575166
474787
660210
597236
91306
625418
615238
418029
408617
622251
150744
418945
550710
437459
197867
674208
389490
587763
683774
65726
605272
502835
674450
687268
694319
294776
803616
542246
285386
491887
202796
670475
689341
432261
616314
604578
582377
732066
652086
339564
176459
556626
707718
55649
677810
439770
549552
683998
527224
555920
210879
127897
815523
386010
794552
228014
290331
354608
704369
520970
352293
199694
720370
642880
789929
236801
76900
587666
449904
541538
160761
548455
268052
701789
395520
513344
607542
333115
396547
524870
204754
324982
549678
376933
259378
468876
718460
474503
791654
104569
356963
250632
311724
195724
566782
370654
652565
392586
768523
335205
122465
505065
595596
679038
625966
320881
107735
438834
515085
698949
568554
61600
212562
442735
198513
134885
354669
543738
232990
308067
381587
439139
357189
694281
711240
245538
208562
564238
311549
354031
312754
540124
805855
282060
524962
570329
279557
254648
740541
559557
63168
178740
110748
547020
426490
639312
722743
372410
775556
436888
736395
451517
773883
160953
261624
601587
399379
195936
275633
670385
428318
631784
337967
469230
542886
399511
438742
461760
396798
654412
173489
459891
91046
495380
525662
767054
68829
44778
511411
142418
517178
616763
104608
610037
388533
581449
125064
456729
220602
786794
673311
253730
283797
456117
475583
658516
146795
285858
156379
676638
497465
678603
445395
844468
451213
564460
181065
548703
708428
760263
282941
143855
405985
463131
785883
592018
510079
786482
574761
543388
527095
708383
763657
454239
204410
788243
626673
637595
104490
427921
534722
840287
250903
87423
741041
378742
524070
470567
467965
579220
701023
516791
226281
177322
67664
543104
529349
431544
728762
232466
534758
402998
73098
633530
651176
681221
308198
242109
392118
606835
574442
564931
88655
240830
313216
516095
278189
316473
480662
403544
345431
217313
402530
527012
661342
438916
237487
407935
384993
166242
664738
311158
583599
42923
20531
170079
182357
614852
556294
712297
121930
776013
471552
634918
548217
499458
563190
337025
689862
390317
210760
449518
306560
473983
319955
696675
752821
766643
247602
543810
177157
313547
117013
580678
326077
584319
711648
492194
667498
659004
217788
657549
627751
606761
480035
747273
128562
650817
414204
664870
665902
304091
600912
651055
776624
564182
481590
232899
55816
595260
781826
426742
671132
635924
893543
797636
659366
691639
66768
341034
637555
582639
470723
478253
416844
143123
351216
61160
197671
747819
370686
778526
591239
312509
549740
607423
606333
221561
595084
736227
289888
459627
225510
621879
126790
184353
428333
529459
481513
462202
440680
216869
595095
236868
142547
572388
707461
654434
560496
615545
688112
679076
595027
481098
363294
568618
582358
691802
84116
95516
587947
701453
249912
433813
374340
29600
335867
521429
697888
753970
501116
59224
571615
451738
652381
522393
365801
362977
228065
567528
109301
490317
316867
142352
500092
575436
332981
652650
187340
383529
600444
624425
371910
492096
442149
251471
533080
264808
514246
487938
287712
569213
654753
698420
325039
621719
458137
354316
578493
554904
559547
597213
263598
239851
534598
705582
586176
532547
594751
399907
623423
803000
583575
433097
418565
197397
435371
607962
335253
178906
369444
589172
452872
174242
654083
657517
294891
527062
585522
479184
658579
495528
529839
88731
465724
458711
696464
574757
198464
638667
359013
375240
222555
317330
377835
791706
505771
285778
744603
262323
812431
379325
562244
602719
538050
323168
698148
698286
450390
322402
530673
859487
538669
512921
212814
598715
579836
68796
309222
458591
752133
628135
437422
371860
717075
55445
417882
698956
307112
503386
578388
836825
261311
487139
147857
212284
813874
240582
575831
718948
278805
586685
207773
424370
594738
90606
484673
201241
195198
622999
711633
387407
471457
424820
489530
658340
691743
777041
324592
674614
246513
405917
205086
196948
208988
569523
600996
445221
379751
541342
264096
213714
287372
295860
614297
672157
664169
207095
742862
42151
380017
38579
502935
291275
484873
625694
52698
648938
284997
122023
806344
127251
185485
426004
41223
125536
386662
645395
722862
725478
465420
425308
545860
408152
74774
544091
610380
679600
700195
371474
764194
451122
382521
671418
622375
618526
589216
568272
310520
248093
141256
570330
608466
584548
422489
483221
355843
758426
164770
368899
227580
523263
321333
752239
484245
542441
388247
620145
637260
376768
497282
701677
490552
96979
392273
608103
588258
610414
734982
368652
636134
721623
423889
163033
676797
213338
670452
517394
701417
106522
601523
742677
714912
572738
503512
66012
502090
602504
208719
294869
634657
428704
421951
392022
629305
537779
276981
657451
314639
535138
447314
159032
625233
575644
653131
699924
701839
382457
484162
655375
486061
335751
533862
365457
622755
484195
198194
358141
88065
521982
284307
542455
551304
672481
618151
490956
178652
824988
362110
686208
544443
353117
723421
616440
533682
263768
313596
523806
426503
371224
467417
806520
507184
590916
625168
530264
572606
661811
556885
75078
378118
498053
653605
197753
727009
771567
194246
98337
366162
596750
658845
492493
316380
575958
819453
681907
762309
533141
248982
66291
553461
639938
631367
227809
832282
46081
46629
63960
531667
614724
411349
266062
130369
488333
650606
164656
286213
637841
323464
68207
480221
475120
450223
350542
731369
152988
672692
737322
274232
553520
408062
163814
696911
325437
368285
491097
393943
369888
525425
74999
292710
842064
95195
462189
635867
54520
453694
323346
155597
523158
567725
89988
632301
314391
381460
573183
640578
358641
710499
332322
680910
115069
680933
604592
624924
330221
248448
335464
710377
65084
734857
696902
59815
557432
292416
486808
603974
355732
635991
232636
110603
282233
263648
524255
465622
520757
489579
609977
204997
472560
598858
365166
212395
420782
61817
559131
189939
685383
614807
611672
638159
392668
743701
710544
796148
338096
594182
246667
301440
177979
487833
513281
378227
362688
302115
622791
337167
552624
521515
654292
351907
823076
811570
328485
603674
503163
675982
206612
410684
72458
607449
517831
628700
103331
669304
795201
587881
621195
458574
166571
809688
127152
842891
169490
589579
478245
517081
178976
392913
554236
455222
169974
311376
421501
215023
400025
529790
320433
285796
803719
362733
723122
643117
477119
420296
433046
277490
775408
343517
673478
435444
371854
378305
14546
55357
376950
621923
556394
704985
286274
717664
499720
744836
497701
138058
420490
627692
338571
466028
439504
450184
443613
521175
254951
602318
45742
548968
367994
519726
264204
450748
649257
184584
366382
664444
213302
429133
86620
803118
205782
282837
489221
732909
285614
397901
477992
839703
698223
595185
396680
632398
544569
610982
477633
436929
631397
725644
289969
274384
699443
633417
687069
682963
278170
752690
566076
285523
574547
535881
407895
103836
587634
299272
386937
700054
486570
420690
349033
364952
612841
796635
765161
201255
585808
330312
102247
543035
177040
402441
696661
217613
148011
522250
221125
490394
695004
355007
130063
729816
616231
117760
724425
695572
579676
508847
629876
503974
628525
68399
648005
528047
479387
179636
698363
297342
60278
532108
770577
395206
660122
467347
364979
327352
660611
539928
226675
370131
546395
607851
288836
309273
516939
693960
424380
338896
164755
514330
700471
565390
778517
420142
437179
223476
350459
370180
189243
773213
607535
56481
771590
453457
193676
220877
655283
292546
788103
587653
312325
529241
519277
562842
160083
677805
244449
183847
867914
336645
575518
622510
510038
418287
511061
700161
609705
239901
838905
313592
98420
367385
660710
697375
729737
356077
427405
125353
646645
32036
16532
486510
306150
754584
678015
611692
295711
357397
499426
67112
872150
668934
753351
794312
778456
359496
798840
414483
244422
477196
703120
663060
352217
180947
218624
217746
270967
592306
409547
653475
597629
698886
111580
325019
81336
239323
551979
758570
569153
337355
412961
714419
238134
653236
692234
688549
562256
146944
448037
136450
91017
398448
452208
59587
588689
695268
212114
120577
128400
543307
458387
60422
485116
413105
297756
399778
676654
550758
744037
404801
326638
609869
210096
654296
658769
397801
384218
337093
331024
349705
719799
124528
267504
888948
344632
401676
110706
570475
519148
540719
683686
500131
116806
303514
129340
370397
513599
636274
622116
515130
224605
421044
652577
547363
328943
392800
458312
554287
531723
175760
735169
208305
697195
644997
113339
684140
80033
657334
618577
385270
476471
291937
744531
314557
703497
574733
231674
162060
88431
197940
577776
80939
611768
335854
535325
448277
653318
332687
506015
548098
706605
472916
214749
226824
442340
591260
481019
315852
356329
803256
174430
733699
665987
327393
335019
593416
514380
309261
100308
886011
369014
545822
613795
597693
532379
293442
717455
129219
454476
757203
64288
343627
59316
660122
380005
734120
552147
516706
456913
235880
499294
511864
354218
569835
520435
631352
372078
231020
439563
370742
227481
678311
291056
197254
354967
660983
595611
60602
615426
587795
63399
143535
656218
121778
499122
355994
483204
549418
282013
109863
612124
72439
555438
663801
643052
574998
483269
689274
536186
542849
669851
376108
765708
691383
369695
78576
715979
400672
624798
723741
306188
480930
372337
355363
222600
421545
539518
731148
408993
668732
86994
82300
355971
479552
704565
351477
655394
280036
567619
433157
829373
316768
708988
359683
650894
293088
477345
197950
802648
760226
722389
391060
220396
553145
477099
837814
319077
131527
418232
685501
311680
457762
140070
398944
326034
297181
370482
210191
401169
326094
820129
161256
554925
620440
671515
289787
612428
456134
444980
179466
590200
666636
553098
705176
773940
729570
328939
597213
331287
522921
775178
187150
245037
731174
639708
238416
553639
84657
724721
416053
478865
78731
250280
327110
642245
155443
618994
792686
418395
320164
565692
750281
344866
100827
297130
694484
528731
549526
415691
737518
720188
98402
603500
183024
581966
117100
912400
73669
251875
371366
152038
293958
463451
661161
705835
599726
419212
319929
681715
411208
464500
439740
502905
226134
254868
495009
695357
280356
820339
679652
297220
505452
379432
598317
82913
562386
72041
367599
549904
704512
52234
339691
96203
668918
385008
429544
632773
490680
90164
211817
295061
429236
302234
366829
327453
672515
479546
121653
470553
675559
323849
500011
153880
454248
145822
173284
571824
325501
663266
466148
585314
830077
560302
525392
433694
798680
174180
488589
206458
644653
212388
102778
780301
632381
377622
781437
469755
280723
656926
64181
373165
419502
111990
268582
360425
443542
239846
50629
98006
749352
660635
307532
673874
756429
392921
327076
577485
421493
532635
377701
587719
589569
697829
440444
227228
478392
205471
476066
85342
593827
391125
604025
442426
667536
386035
286169
222236
252813
107527
633086
162621
588684
589869
349794
516649
483555
305961
292731
513212
414682
686881
901830
782772
742161
78242
517781
510348
209494
528236
550087
601450
734911
652333
627244
239484
625318
245149
499709
279511
520114
632283
568620
97166
313707
342705
628390
494958
620929
308506
665944
778660
389969
84356
746082
285048
643990
987159
77123
819102
759447
680128
495562
546416
582740
646927
615527
124011
789562
278456
497347
113775
100501
547678
466885
577453
567802
777609
715150
611376
111643
613978
658712
516428
723636
686196
759289
260423
380048
490672
528327
83852
416357
141759
648813
107899
582789
439916
496639
531416
517924
44850
553004
420376
530847
442543
136343
778206
660048
624688
453605
205400
359292
361695
542372
34464
469350
483092
537886
499280
231400
655603
504320
204598
582527
489130
549558
528233
536297
521546
580142
566543
241375
700789
522612
282406
446885
659403
293746
280175
334371
132843
655863
530927
309148
152104
70276
603788
787346
486243
436211
496345
651215
55617
640442
90445
226545
254224
165932
226126
432651
578588
47932
237308
456585
151142
342977
484134
556832
154781
467626
178413
583460
540405
431296
587071
687023
511784
508958
436285
661985
172094
761782
552420
74920
649317
515260
546528
828990
108108
290298
111210
619063
462957
193992
582168
413146
579736
616050
229199
515433
172322
462604
148672
667579
486290
51017
699794
710953
74314
308684
462052
288717
228210
720247
417243
588729
209593
546959
316780
137759
417772
313000
674057
746646
533462
424420
230627
708178
673604
485484
531984
72484
315095
244899
591778
225801
354099
328951
324130
724717
517221
632983
433614
268103
542158
403220
491251
602411
411687
342350
566942
204019
88559
243555
618161
806695
620961
842058
504671
87686
442472
182353
338335
436477
77277
447971
503362
211919
445949
603002
128778
485000
112974
447108
824012
195379
600605
279354
317210
315517
733925
360504
479216
736808
220421
317166
582311
633073
435977
401117
365666
709318
461572
444447
295197
160710
221364
262091
186458
637946
730219
512634
626255
171277
517222
206105
99340
519186
230506
479684
423606
167880
429408
326431
533560
426808
531067
708387
341235
102549
365087
117183
488634
531981
76564
188590
578141
287576
49113
571839
621983
290643
428708
541771
861572
661200
575640
710708
315918
318109
504078
607175
149507
672495
665442
471930
57361
328778
687330
703963
208464
427307
625729
628313
444822
446555
615651
614033
660050
554247
672896
328319
558475
712953
264638
628256
44919
149609
90167
209530
699158
512337
541547
64904
368418
585156
596167
372082
350513
608979
226618
742647
605656
238235
547217
197003
444417
419621
124558
854551
292892
311362
128887
553033
455555
476102
644490
204352
427002
94059
650832
399211
235270
667081
515968
685174
624528
718350
479303
137185
938494
195474
416049
593079
391965
26349
541327
683010
399068
505823
402279
396853
75933
232517
870046
668259
745121
408211
668812
341807
534631
298288
311601
831810
649214
618008
432835
673034
181257
197838
580584
725115
374133
506743
101241
282996
112492
557968
327416
645997
613797
217940
192682
683463
201860
260289
492046
378779
454004
739316
678135
679980
400064
513641
170218
433511
234331
101165
618622
505872
715561
496642
506550
117643
707233
514984
788847
208968
506624
616499
595722
556033
664433
766581
721304
129610
71822
515954
463062
416542
339379
254226
300119
715089
170862
376104
465119
614536
529811
665116
541627
192543
574948
519795
248709
555902
659693
516178
276751
357228
425276
352724
29784
748735
480157
496296
669402
522672
282101
367016
380045
78854
426748
225206
290843
551968
260747
911607
306646
789853
438663
532361
495680
438119
270901
764691
535681
552819
523800
920305
501219
319544
406790
739025
711101
81459
344068
862378
617478
763171
532092
384012
84159
653677
375871
124570
469934
423281
498105
504693
63612
582464
680909
317645
63331
438045
486150
560990
465474
775945
460133
96764
291066
319786
818565
479179
237587
442824
644168
106191
751186
664549
366472
102653
484407
368933
398487
598556
564572
446466
669161
271077
320346
733031
872896
691977
436607
436682
654447
580306
358277
453017
705640
743503
459888
249661
420541
326096
596523
384639
429009
201242
656277
507132
281463
555514
65605
387842
487214
623265
256541
194167
383299
601204
293028
574117
778920
426323
343531
752338
367434
305933
425583
560667
370839
654122
455404
310605
517317
537311
731862
662941
388284
848667
403324
630066
610985
424802
202500
287208
524427
419027
431943
385241
381909
476745
316017
711269
575441
610958
262703
148078
295847
554859
586173
705511
582892
516297
510892
140296
851168
422229
506613
287594
750143
386639
707685
55251
539578
360668
309092
306711
399019
794105
549800
587880
569467
509948
560595
641025
634074
352939
530528
694199
826564
506364
282707
369164
361928
595714
261168
257104
74048
422665
516238
698562
625798
256980
555141
660389
354154
437029
524032
329032
93989
311301
509070
629332
404758
154232
461112
812594
295193
523304
463087
409979
491354
197631
560601
364555
584247
248212
204312
249920
706266
452437
590232
445917
652115
513553
339675
643532
72322
266012
427496
797311
541423
100110
130348
635999
382001
463611
568219
291671
630317
117417
706424
804994
532174
652882
475476
470057
870649
363713
827135
611019
350783
507506
204563
511042
580372
401714
671290
355682
652790
202817
685417
694513
147547
751289
233891
574740
193506
472748
672206
297608
537771
696215
401341
688486
582728
236374
605788
613973
300274
702843
271531
493769
421852
629472
539126
512851
157593
212213
459528
582296
629178
651644
497714
575605
69901
487176
735744
427395
150183
224026
562917
303320
699253
510013
312091
501614
698177
198528
549054
338870
447384
401862
567069
641411
416263
563968
164903
104314
357692
513835
546843
525392
560121
378090
272707
728259
574547
678342
720688
367984
144990
383854
249129
609225
426359
629230
248921
334673
437942
164071
796905
617646
321259
68433
597331
496456
397444
571242
522824
416360
613222
610368
720068
139734
402632
621351
539469
751940
652809
53702
639917
522953
620897
434702
607784
250829
338680
546901
96975
522527
913824
112797
375603
719026
148369
745074
772212
550304
809678
704133
259224
614413
422656
315070
170442
290092
265760
611335
633714
334378
673179
472171
543094
127335
672188
364883
738536
261671
650897
722279
475917
527539
608620
564350
516106
626646
377315
506766
591635
80373
410383
69692
641427
301710
67953
442995
689297
426612
384555
444998
580099
752216
662919
511005
646065
118750
746016
543788
243355
603385
161408
516882
827378
340123
618367
783718
486154
638545
118677
312329
152400
164869
361029
365685
619140
620793
721751
629000
617172
207342
613288
376905
395086
448793
699177
472684
646419
137350
82305
538730
293064
580434
415715
488575
712270
389133
285596
473757
493367
534143
676127
333848
688826
528910
314489
454383
606834
579232
230689
405488
622130
585121
527140
694804
690523
373271
696708
378977
163295
221960
648603
740158
298695
436991
454252
739036
549573
646916
121230
542670
450734
211507
481834
343152
245095
255476
188965
319587
359087
406259
227526
502999
247098
407334
584716
107734
393749
456025
414590
242046
648645
563562
239883
393155
574573
428781
46321
666656
616806
292010
514180
258383
516784
544963
621288
236193
629064
607995
208002
507760
379368
137614
588658
468413
569170
320264
627814
266921
731624
661090
506366
397603
468483
544821
650783
586574
342974
433027
430251
559734
636478
372297
173629
511463
216268
154366
771655
560656
288017
125513
322647
379961
629142
228952
375702
452874
288154
272946
553417
515560
144053
408800
207836
219559
239533
513787
277509
597266
514402
634813
633250
750452
500631
381475
482288
247369
395396
316704
108635
661103
217147
561369
531679
637646
44800
400363
284753
525218
772284
224608
519188
654560
391388
791899
536201
534892
537236
597475
277368
797863
539442
342564
417387
71627
342590
324918
483426
616260
315153
458834
249162
454620
644447
652411
602215
755947
186786
442562
819950
387766
403054
676602
698688
491699
668428
381274
697890
821621
226125
557086
440615
481141
121384
779886
760530
348594
401232
155128
340008
342861
244272
563956
631776
398277
422505
484297
211150
92861
69543
66408
645919
376159
419281
717928
672587
641533
717474
405384
353796
674121
394355
412184
530802
702093
468632
543149
504298
72166
581139
352479
207685
21238
628774
602763
668071
679443
261348
669549
299447
695153
258990
310504
678444
586396
554801
447802
159583
712669
653319
428144
115653
608152
470727
814039
491715
111960
301738
70851
377095
195806
78163
469360
320741
202999
420116
429417
672448
732519
168401
729835
635853
291663
472807
352479
674882
296490
680685
331109
474741
613366
501670
473988
359161
506432
293045
684396
63598
832028
191768
735450
444231
362882
269310
578006
335942
446051
617234
650908
294833
431166
67775
329820
631367
583040
520915
466857
691177
476828
591981
223616
411056
406173
105434
667582
213085
617614
551056
109478
258097
586262
603087
186662
608765
636788
423458
658594
421860
800607
370289
581297
475561
205145
221286
442423
297383
657282
503812
459829
72173
399167
505857
808554
697362
486697
608258
311056
297382
462465
687286
665377
547937
673796
628110
456393
409803
383378
516861
185123
207836
230951
53910
893057
611619
413909
737880
401473
180390
362888
604188
604053
89261
752594
501897
293608
275320
221484
661774
301767
167882
187201
743712
124205
602857
634468
344679
423272
264213
343867
538456
701706
514393
413898
582674
645033
77917
300488
527042
592352
278021
506690
831241
541863
648949
657666
482032
78829
369678
529279
590673
679797
556583
183463
584253
304895
405615
647647
411258
632227
629116
426299
321082
374405
277687
570520
632505
313499
72334
515601
503248
152087
809002
567043
572551
362398
431806
500074
481885
620227
164865
740320
570385
480346
654494
202253
635111
142236
212115
55906
73572
410522
583530
258841
522412
657300
116099
348735
742637
189959
756348
618492
269002
97044
372233
428097
545422
696349
219279
413461
561580
275504
404039
284011
328780
466067
632334
810630
329469
64504
210912
83340
241339
78682
414567
241452
388617
771822
193709
512688
540557
733884
775099
81811
128277
567658
467386
440366
405702
570110
405736
158606
337263
686588
256074
487287
423950
240466
503175
243140
462328
388130
698908
330854
562508
606875
481159
532780
176670
567781
145429
643015
351564
275772
526384
389992
827225
633189
760844
436939
590594
896913
335502
669952
419454
302307
634712
512161
342506
452847
300850
350366
719791
392369
895760
393279
707105
272123
214180
320495
252653
594424
549162
426119
738828
636548
666063
409832
306605
792633
503530
587175
607487
632098
784596
307651
630486
533338
545975
655393
462693
275980
632963
427307
326934
766455
475126
185743
208232
467969
308055
521663
218127
716253
400093
698063
241603
320636
229984
289469
515767
198245
486848
203538
485149
108809
631448
775456
124580
87281
365099
791733
363775
157636
767178
571876
418158
59466
563064
279580
158507
415426
622385
608771
61956
558443
184855
795386
93062
288222
332124
618980
424537
424073
681451
171169
575462
67838
490537
322087
324672
417520
662675
116623
159843
685029
675037
466063
789002
513028
301259
158477
196711
594761
124251
322384
426583
206576
149497
882309
425246
287340
740560
294440
800848
572860
555152
515697
533222
475925
702021
478615
554005
412873
148601
101279
417650
484512
372301
44851
700582
657409
385785
221286
226358
326490
341494
595364
550364
491226
230535
606425
246045
400216
873900
428612
331746
337424
132954
321577
434375
339244
479338
564358
883860
591777
636106
241359
183187
737863
59469
201054
346010
627450
412967
421943
195588
644022
698313
266163
203505
755205
647273
693108
276594
532059
439084
685038
468504
434153
322025
224576
339712
442771
547550
578233
335415
73738
745581
566612
323087
209988
531240
275401
180800
596279
623443
555638
540690
484038
516306
518645
550542
136065
698300
473129
596888
391695
135999
281110
350861
572160
525781
653870
436257
245758
667908
753789
268016
504389
404211
331278
602848
131533
274382
493453
442521
626573
608252
663696
508864
816151
221983
326338
730123
421401
674729
354876
669067
237254
780615
203959
502148
354100
534152
477653
308305
135817
720082
470279
914505
636391
617995
588806
559892
436350
335901
316953
699281
507299
150831
548600
344963
282859
414013
131060
530598
135374
648195
518546
564093
416898
320097
649709
293565
443338
415912
464811
681710
304762
536320
386468
685788
341495
726150
605084
715393
70458
206516
390352
419815
111290
195595
267482
456622
57798
512110
472392
413353
525411
508333
184560
416735
586486
710207
115695
450888
439203
410795
555585
251107
728997
637244
560042
668184
421184
500971
364878
643399
618383
97747
188031
154919
419973
230635
631252
606130
466756
46454
402917
587254
62775
729276
36502
387212
633796
634798
36122
585968
718788
170778
697907
730929
139576
317213
180980
310139
495120
414089
732389
418479
308945
215983
499549
264018
303096
673514
209908
708787
465584
457395
83354
391041
68129
273970
316927
120811
636091
536022
572248
512853
69669
472115
599860
498229
391744
288518
516722
609509
366805
472011
690989
722531
172271
249848
416864
615357
583877
648154
277045
550269
577238
548952
204758
514649
699229
147576
92252
367134
110740
773754
708964
206672
69081
309853
517252
512862
195274
482202
234517
618607
422797
378312
533747
654560
643233
379202
586627
710932
729060
72493
538549
443082
365217
453762
521160
729824
189413
37099
622628
653893
69680
277286
602462
389784
272910
504640
450255
311170
694735
718389
483984
361844
488665
216798
683628
338659
700841
66412
736962
504520
503456
119246
545165
351370
232573
601152
340569
586227
392930
156133
428797
642590
78689
681568
418103
406705
930311
733667
374343
670053
659451
436548
473207
512856
591210
198277
482788
206528
301659
299780
268760
423166
527671
428664
646304
283500
298026
161873
724606
656511
628205
419981
154311
490777
288814
512356
784063
639592
386782
445387
318344
295875
203051
386047
454890
482379
643179
534857
737790
72757
92239
616637
268480
82577
113908
505170
186049
64449
235974
512021
645194
504633
304427
463887
501851
532102
151646
657032
407009
354883
138374
311913
618612
334425
441198
573694
826444
346770
114376
635035
587540
641207
466992
250487
549872
563212
584742
346871
600373
120609
690892
883275
253416
393186
670436
765191
658645
530509
516109
724542
721070
400197
172663
320944
212550
533827
403384
173440
909639
667136
144119
509192
203548
449582
204018
701521
593962
500268
222042
493356
663620
252898
511402
235320
655000
720193
282201
538394
46567
476393
284241
337605
469330
369705
581521
312582
371698
692589
686359
64441
596996
301248
929336
466696
684387
238893
503927
179150
546490
634076
136387
129312
691287
454473
592382
592251
675192
571126
359922
655236
666957
465755
605943
602332
834885
581606
503789
680774
313653
658828
482370
723951
355581
407699
146281
733814
164315
504453
75805
447368
471702
271226
199560
692147
303544
405980
511808
146835
81322
628688
468564
625897
852781
584282
617760
300337
570267
567174
545720
589356
464574
843597
410702
754155
835407
641279
577720
324140
424470
814568
400993
353862
776016
100645
683998
650628
733688
147869
657688
709033
306215
98170
397392
491222
215916
297734
697856
252861
540198
583993
633272
581541
485288
902880
623734
85893
693404
223499
65718
247566
361204
125481
586340
599263
493086
268328
456834
117794
274665
36755
643358
683967
584299
517395
761148
540444
656195
573163
342089
408182
470477
599398
764228
510917
267161
558427
663090
109024
445127
306858
651792
687795
829457
494831
433765
406835
695026
381499
579994
795889
316828
529415
343574
458586
747397
734576
369759
454540
395163
249785
314642
637854
720078
288585
142523
294071
627433
655714
199436
541579
95762
412704
318396
440935
504234
634374
581929
744481
300083
595675
338939
415301
383055
642042
202124
645812
349337
556227
159314
439986
382310
661088
547458
505122
351316
423851
126410
272020
296111
156813
188891
406989
611264
608037
715235
763807
539781
436950
553438
528587
267984
897981
274224
88685
641757
383014
575548
516685
543037
208148
619550
198553
687309
824666
440691
167446
256748
672427
596663
220586
447375
89238
521715
362663
44484
590277
697438
636996
675396
484821
400790
397107
468771
363462
560259
437492
335268
380654
43833
426484
153148
55341
748283
593248
516808
573544
451819
507556
135735
304189
566324
60275
445945
712097
189919
608966
702774
549225
427520
728748
417775
199074
719291
683815
111967
653540
62306
313488
570521
497115
540859
453543
503997
307978
692118
781258
316542
130663
275084
545536
698948
567290
423472
262950
472670
574712
690617
611430
219531
56779
326671
279631
550708
333791
582106
392533
367436
354753
794860
383497
567942
752009
500419
171342
429222
549461
752217
436138
101142
271513
302724
433358
773589
442669
403786
618743
257696
748089
190891
80794
642950
546118
637908
343623
392433
28809
378744
308832
668321
160916
90344
737557
369373
602452
84068
401031
49169
306125
537337
274942
390532
739645
504500
554911
670775
616760
661874
638105
160284
172692
383504
568344
469782
302996
571248
747362
69237
212699
596598
282323
741810
470528
579472
817439
526440
694718
401569
506375
412393
101472
332893
220553
246383
500243
667474
658137
631869
533889
617696
197941
524170
764805
415695
670608
333018
361609
581478
674457
153369
462265
725964
129021
633063
624264
528129
638833
316606
332013
399883
542997
614553
520950
504983
797170
251138
669467
372439
516797
167557
563273
317928
89433
357422
179367
601781
228426
661966
201363
600518
391426
562795
148643
265021
685806
479869
807923
237130
227583
344778
299552
455049
186474
311508
792696
521469
294602
403140
688502
346877
543832
253605
649129
728593
331310
521293
220066
277757
488132
687393
496040
694044
265312
748626
741401
783841
528801
123052
526761
682872
149693
734497
421016
510666
488976
777915
506700
93498
552039
164956
283897
481944
462885
380899
755939
799082
144546
61404
449075
689412
614145
623730
186215
599727
570976
321557
139346
443687
490102
566204
396300
229911
589429
392469
66006
475344
716284
789696
312009
611363
403682
753605
111624
382659
262182
352301
572902
505159
331798
443288
118673
922610
379143
337426
653229
70452
338562
802684
775686
138716
346310
201582
615818
580677
367324
264691
190660
323285
480005
426688
761603
230414
624633
749396
322044
309916
553137
777513
164912
629443
536309
569907
249712
731989
506417
368856
497861
594362
412265
411790
526359
373607
449117
233219
182304
640532
653142
307807
115313
357924
429609
575546
243549
519449
544286
111396
35274
729127
125356
571155
196753
563786
63080
571691
689576
417704
575249
195752
632180
349897
613876
482981
394017
593100
507396
632285
674926
485366
627165
418396
512504
668295
916880
237639
694001
433260
876908
510120
316350
330056
601399
636123
188846
132501
595687
290079
163311
395702
359438
427503
71841
305171
463416
74085
487261
584059
323189
660934
577235
240633
554114
645723
662555
524851
400939
705337
609239
506809
641804
711492
783378
360318
337569
789988
737608
247407
761158
477059
327217
437875
558893
913944
573668
864428
770451
146418
71195
404827
249330
481967
593708
254841
480223
556489
529533
833805
542969
286390
528436
488358
565031
532943
740834
710449
91480
192202
444395
229121
473379
484899
873759
701172
689575
717054
545900
219959
610351
709419
539390
199898
569476
503061
354957
449793
477415
406846
603958
633395
504866
413576
242199
312488
79617
608273
423830
697544
130233
237821
192037
201993
585915
377345
603199
464671
412595
257023
181395
429359
272529
623870
67697
1153766
199911
261798
700654
240451
525021
296693
694165
717644
636236
469009
399585
563439
568195
165126
257570
220742
550294
882296
154024
751486
513507
407883
406359
397636
566978
482847
393351
211990
378841
50710
524844
287283
161934
628001
342392
733837
188020
472391
548604
703501
676823
233267
528883
431293
399980
618473
558612
316537
359618
774465
230580
266122
473141
447962
280725
317272
670737
702055
379282
620483
148963
292141
501888
731689
666897
649675
832905
470620
167815
347840
82597
628434
470673
711296
330498
560653
688045
642434
230242
296493
355971
679045
557733
784377
678164
207435
435234
322441
700341
422697
723094
557540
333687
272747
638253
260413
248217
504979
375371
511211
623213
447469
448823
367626
658753
217784
633407
526044
362978
543784
77048
390355
547173
447635
440457
619606
490520
412130
389287
658950
235308
748117
253793
880756
555767
547828
591635
782450
188455
131431
51137
452506
334444
280235
703097
679296
378453
290369
415701
501421
335222
405336
47074
449037
429926
295650
462774
67299
604458
536586
532819
935479
844702
329045
421046
512853
336209
349480
679764
362403
400010
82677
626350
277486
561075
613418
609033
209647
475539
802844
573309
320059
86603
822203
394663
461763
389723
461704
274455
506372
631990
646710
688722
549250
397413
84047
220782
666307
738778
296960
600441
585852
462781
612885
504651
730087
626374
399627
717291
552430
420871
259196
748639
351518
104573
506720
111940
585028
423758
468153
806427
281504
163660
414761
424940
621875
557901
153931
217286
647939
427861
611247
417925
168101
395738
547762
254300
755446
716757
324484
399677
464156
225206
639402
661309
671579
343021
436784
764360
201642
134256
250673
546220
88581
305432
646217
598412
583090
468157
317821
745652
435960
304402
76481
26337
78722
681865
323328
708629
342790
434858
140059
440492
93258
105142
708758
319046
573536
636102
312275
84078
337974
622896
529810
97146
201814
205478
665059
656256
621649
491199
329088
633084
517161
705688
528125
705550
83767
263717
375415
373128
333954
720662
298980
619652
408649
537665
380375
453850
545989
459417
527203
818984
713046
713751
494982
654918
331082
509128
497148
887448
726610
744568
426937
574483
796215
397737
156592
391607
527402
763185
706719
267540
593059
186970
684716
220601
255963
426451
384407
344833
259490
405956
611249
573448
604738
126385
279734
627316
451904
429988
690916
618124
707860
399772
550215
58719
515544
492011
524192
548606
301620
735425
725583
575709
272575
767978
419275
616665
506313
663357
182659
788604
319880
719893
142824
800252
68449
703436
751716
521558
483099
330014
405242
235585
649979
449986
624470
211571
359772
653987
499038
438814
544385
332293
225703
411379
681182
433071
291365
538526
873680
516188
359391
445552
580915
435735
580946
108774
591961
48688
112624
589631
846842
457299
457236
318887
682350
591595
608267
482073
130785
335075
426802
529850
240591
142677
234929
255453
431377
485909
547166
527086
89721
658186
510360
511355
776201
573899
548996
110480
501620
272942
682018
328394
400905
470308
190935
433424
571988
459723
447835
416772
564258
532356
682743
346510
500699
409873
585034
758532
522734
389737
463775
460388
307451
749608
345309
127761
459049
774934
665032
782807
207072
305460
97857
358513
573487
323488
802321
614881
398469
28573
243564
715445
153689
443163
752416
327640
328307
573144
357571
767226
455428
405955
548746
256506
269695
477957
104473
417206
480301
667580
72424
608731
472316
140398
233588
312922
715229
731786
347147
302718
573928
610088
330233
64914
251341
157404
325567
484020
547720
477949
342844
128102
502889
544529
151959
66363
332408
508015
200925
242839
87285
416533
530327
191724
668493
514920
646614
701774
851024
551727
468291
219251
665908
350188
275154
296483
384639
422527
343822
837661
267607
705722
280062
334994
751807
559728
378513
585641
654707
689226
403273
809244
517595
677825
653132
678266
339143
714900
602138
433030
293499
460567
443721
333440
436159
642636
511126
246956
251587
476797
517160
647928
256607
65806
659322
465904
76901
203460
390319
228325
667392
574792
633993
488523
531536
366253
318415
386369
370567
709064
519430
56362
426343
663779
576403
155522
502383
561916
777472
624679
268721
614881
666258
456401
777184
353547
629301
870461
593107
584535
717169
354778
117401
467351
111589
307437
315811
357498
875112
548068
239311
567898
130519
664672
564507
570692
231561
222844
444603
696376
483755
710631
78737
663837
651797
580221
740730
784567
660167
232809
738411
520977
558655
583234
617517
769813
171348
324707
596618
361583
800901
95253
543171
430866
501836
54575
678981
516407
494215
380595
163931
669439
599728
531760
217793
553238
776539
206571
368210
295643
202959
619488
72892
470744
549842
421967
591117
645704
641397
504875
613643
521508
673530
287675
231427
63206
257934
806548
519312
668332
503948
103242
747202
280547
514364
686930
723576
243056
221416
688329
377488
625940
643090
536433
647743
594413
586165
510054
593096
472105
83840
232866
237697
443819
261464
600784
743926
675733
376114
564706
715479
601060
575082
435153
590645
426692
623175
89624
275118
402124
654644
544312
630734
623945
586406
504017
852103
591997
349520
493496
253802
373226
448501
541544
260681
306056
57296
224672
571829
838074
215779
604018
181749
431944
591531
266160
484823
241077
407775
166568
406346
286376
401042
609005
295077
639633
249750
625775
561381
72202
285134
225073
794970
629401
829223
582254
61795
388948
697586
614075
738729
223561
559901
379949
346729
197866
553806
631201
354220
508481
746797
748476
449845
483913
91219
159035
282898
104575
362863
255918
271788
229629
570070
815698
597772
347316
555303
745653
458883
722099
237857
409070
124382
677017
219940
274269
498359
628882
201720
500067
635810
496364
435315
711328
620278
455934
179387
561674
686925
689294
649044
609947
661949
259450
639130
614204
427311
683149
483679
159730
558789
602564
258576
693786
446381
560720
396200
420665
353208
301301
152023
416756
706651
284734
683683
684061
661698
786230
171325
727655
773296
384738
124536
682639
396452
272873
228947
124740
86376
409613
171637
719400
553586
398955
689763
393884
667341
598165
687013
681137
254314
363444
328341
611648
655059
494361
484030
593894
500682
496210
181051
663369
522118
570860
443759
407165
568345
731479
314798
586953
109855
447674
171045
599938
137996
621363
729613
596583
529090
335210
630766
579184
460704
81341
709684
412536
669713
499336
189107
587093
581290
481751
680074
344954
652712
554807
54521
508049
829090
361082
266801
380919
599943
83348
636427
708852
32777
739811
618792
380134
621878
505515
523262
470220
565780
531517
403278
477126
765389
651037
618480
479696
727811
121585
636527
153855
614348
693819
402919
590196
585005
545940
717889
606157
616255
549521
81605
579695
502898
591981
143164
317488
531755
286255
744831
394644
501112
621435
80838
227916
636744
652101
586692
505079
329418
541161
485323
460876
211252
32591
150466
553808
541796
281345
617110
596486
253833
393609
634135
294394
511281
609273
304809
541008
366028
229332
437178
435054
435628
248352
493797
641792
235328
331514
273536
246532
312587
559526
686744
751064
719675
276012
253976
517924
465750
356518
315680
562926
231499
739465
433891
790843
665927
754796
528274
536658
590142
649645
327277
516108
445987
625541
495383
657410
542596
477868
327145
374585
234171
553014
619509
642451
726076
623958
645366
260350
806755
520900
540668
653453
697045
426556
562357
560308
251239
160066
407554
159846
768534
439871
619293
292384
641004
552793
582221
433736
129897
405371
329626
725936
604336
397658
546471
315501
527634
309078
333814
56730
95667
488937
480115
627555
555878
550837
287112
269082
359453
353242
615172
565032
172872
230358
574872
833688
470751
485150
176366
717332
714367
162273
553096
818991
695107
450380
712758
433019
504507
347596
44978
513813
334897
705726
372783
690561
176707
432928
848425
385874
750857
365392
647110
758470
496976
465503
533479
534515
669083
731048
435453
498771
579060
325883
110612
449875
447472
630465
192285
258184
542751
167889
556285
411331
486308
436415
186605
104513
482358
368279
696527
777132
446674
241513
490099
746931
261202
368306
485818
169603
675555
114121
150401
694992
681587
550011
484846
406846
458628
522473
643499
744484
518069
710529
516694
636771
138226
139543
689801
582355
301959
698486
132276
242833
740487
401961
331155
417583
544489
848356
289573
220117
406211
460851
213395
766309
84356
586341
142379
179275
720628
569760
674540
151711
588367
101314
809011
748305
589426
717391
409267
323376
330895
694388
386237
298703
707315
723353
334871
389251
645123
875476
516448
349668
282434
461163
575725
700321
329906
176465
146990
407604
607212
505094
617490
183542
211111
526109
823634
381295
120252
124902
363634
152897
275720
253763
707659
780669
330993
621817
487313
532251
437700
634948
551132
385347
645752
264108
526102
763545
303569
390775
157792
247743
291725
407844
386982
498604
583626
785728
665179
533106
325408
148447
434711
820796
677373
122347
186548
525742
783750
419234
517108
268691
220588
217921
304562
607174
390240
600921
104616
325268
523401
554891
276100
441009
399591
570371
526483
561064
200726
695167
581144
490564
410264
592685
899338
646888
508171
151743
194310
661893
540574
558681
558108
332775
261197
374029
429138
565406
111858
575733
457646
728650
796357
591164
61299
63626
161301
784341
341304
594989
490909
556094
112658
740569
508032
96044
728308
332723
426106
297542
587805
414653
636897
373490
571981
144724
363511
493276
703989
697197
303209
530237
546883
578845
454726
216939
665367
368781
112001
304478
287228
505802
397170
559478
394571
443067
361433
843571
483904
726078
561089
445112
526856
153246
617943
578227
641983
444342
622641
617292
254468
792930
533456
705211
627403
968329
786352
195350
93614
426159
373574
125036
570559
266527
113925
138422
601493
278877
95422
87884
732883
629605
425630
529454
482596
611284
610319
643263
734207
483705
470901
122642
382985
65026
144517
351575
546065
380895
642232
660264
678382
335509
366859
124634
427976
382462
506757
337953
266808
428632
743085
416252
377538
605617
501265
454920
638285
365794
339327
708954
583279
389345
265327
690690
411877
481121
702344
554034
346379
585656
404954
585556
221286
200263
591460
613289
341795
716739
567989
773853
767138
408337
542303
305714
70994
379586
802392
598796
717680
499203
606698
736044
418092
572288
491401
630146
353905
60857
527305
541783
368936
469091
421076
263220
92405
72260
760188
650353
362534
157319
48197
710497
583791
512925
310313
697219
167723
570575
549682
413415
804061
498815
360779
478461
298148
718756
37171
425771
264219
516065
412508
790258
649226
336743
265010
556319
957349
593047
330067
231111
645673
864875
230075
639757
372642
288818
66740
254364
438002
235038
521756
658970
54868
665000
607455
556449
417011
205844
341794
444105
480456
412577
579442
539174
739686
107859
589881
761281
48359
272913
698925
443877
271210
189860
373999
274979
727089
265797
323330
269519
408983
383932
550045
190218
422943
634606
534054
200542
434876
720653
564957
788471
553601
81932
419177
137515
221101
119134
344271
393834
121131
566348
144360
645227
535518
462394
546647
663427
693065
235423
802642
621882
621318
431264
221046
476246
142685
729157
741162
561553
629406
200977
609604
396444
766171
450148
520439
445211
68100
442402
664771
396555
124340
210149
567226
428984
406387
664924
218778
444709
558993
115259
263094
184438
470437
657717
216928
234590
215220
43267
654751
758957
50068
383727
91567
298611
426448
218311
361319
343067
628403
573235
64602
249329
172039
188010
169051
636050
707182
637826
386640
112980
376671
252219
279931
912895
420034
609265
488073
478264
143667
452305
451074
345299
193676
722816
375602
247473
665958
276060
452957
493452
127295
723706
627655
221969
764437
354469
420896
337629
562103
656172
612475
471727
267692
388815
508631
597476
70670
535759
358335
637892
487610
157673
590890
386151
352397
392224
707859
226331
640065
770639
106481
1000469
117540
640207
44593
466397
288067
624692
97921
148361
150673
723517
511117
636362
592065
492388
613532
246414
473990
172952
646087
353049
624385
537955
759103
318626
309182
503818
569988
511968
82532
712355
341585
127275
678670
652345
453429
791486
344776
367675
489577
397128
370944
419639
619564
908144
544258
656279
378721
473091
656438
237533
298472
337330
769027
657969
345041
80548
628014
656589
662084
463277
275611
218962
129338
123081
547260
506426
123904
466127
247330
313465
663672
259417
95188
637521
664373
77102
679255
570757
511381
570482
633098
436018
397920
583955
420699
594071
648861
674710
304216
520663
236092
488758
336849
545333
502734
397553
88735
567326
323723
305871
738686
532492
308833
710262
610152
213021
770995
307229
106479
171945
339010
735827
565297
511773
578717
722192
499526
141423
103251
747472
665360
163999
440355
461226
252567
205380
292943
241278
457193
631620
603732
469998
349221
613643
264603
453537
288888
408379
351163
451384
688989
106869
465922
45588
702685
761484
533848
399992
229349
186979
560385
184426
463506
573665
411548
301559
214402
546514
698011
453120
221056
629702
388142
101668
737282
696000
283970
483061
517436
631771
401715
471080
230366
321584
321209
534841
573808
658203
174959
523379
318335
96550
162713
304085
474213
558321
610403
300547
304106
339244
642200
678961
685969
430936
302369
461703
712129
235875
740730
241631
228600
579432
313222
401415
138017
202759
515240
292806
60436
519476
520800
679620
632261
63210
532644
286970
565578
387149
510918
90489
624944
283560
520501
208834
632185
528927
547483
235565
290311
148457
637622
460234
552424
183888
721761
393096
319482
514786
465449
41398
83274
397428
323266
114445
448674
748804
523335
713117
679245
476954
650194
611438
437183
589062
139952
535460
22965
606444
256657
601673
350226
220773
416999
153021
560566
610026
289035
784100
294998
581792
537682
840843
732690
664567
520562
561644
747773
721597
472890
267373
537614
906688
256731
826317
166239
155453
348872
700855
151013
296496
664489
459898
517671
402750
305583
664336
332549
290608
131464
330140
205810
494796
468052
788391
378635
486855
433752
734692
484959
290939
320657
562069
242627
333609
219354
94174
527542
330970
686632
601442
492561
292648
212097
372969
592492
546372
46894
731536
259988
347889
195786
715977
269115
402241
179706
210712
387626
707641
182617
257139
652672
540184
648847
131113
413985
201705
667416
425857
723183
288094
64519
530536
449170
551869
442486
897254
329568
712175
176592
80482
563180
687933
601202
204117
647700
245491
43182
318714
233752
39759
482743
332181
681654
373336
632741
643923
334915
308990
503732
304012
52607
700745
538036
631997
683899
102266
633553
204597
534045
617436
547445
579064
629895
96622
685164
588944
390685
272724
28655
619475
561657
299531
636040
837173
777375
608871
592020
413125
396393
354361
269941
406718
592674
697311
385321
465803
747694
690814
338710
443310
450575
737285
259263
136705
626397
278707
729228
741271
65181
545368
338685
160541
760414
529221
188216
605870
674068
312313
657794
188975
604677
575718
721219
762754
201909
550338
775366
715550
421671
129749
440542
412838
334799
97860
690438
185345
725494
396564
543198
498525
452456
327962
640325
500877
325546
184814
520122
94238
266517
823963
246121
457819
434603
709084
276980
708357
449811
508426
663648
687380
428247
231076
557984
399924
478020
448972
492065
425703
69375
465322
315713
204684
316041
673011
283328
389854
193835
423102
577020
108720
196701
795649
359370
592143
651772
73569
126425
457700
360370
568196
645980
307761
386277
493786
516058
472010
394565
83763
386712
88506
597493
615980
463661
194714
321797
678924
496302
617646
612183
176506
465209
220894
308865
644036
468524
511145
138777
455220
438942
258469
478248
372003
297008
623090
591434
711686
289313
192825
605054
202432
413166
403124
716188
700408
317018
505106
432834
434601
540862
642880
797820
630889
235109
736085
217972
492943
694449
504165
347069
383273
412247
481979
149833
453604
68381
646566
673387
204797
482168
512445
402117
587034
377320
85859
507037
460581
494638
614558
236567
580147
478104
388741
557000
358080
599123
625829
61057
527184
371718
133065
512544
624346
507928
712927
536865
358195
877186
672825
272473
186598
730661
598692
459559
665818
762510
32353
142789
663921
296042
153923
734820
543886
592114
311514
742756
569027
350950
468090
544365
184229
462080
472901
146712
84607
340239
534856
843539
692462
607978
537920
564795
563160
164189
256942
612801
655765
317805
592396
505320
136650
242425
212660
508084
313575
453780
300387
620220
100743
604940
440835
775524
461194
166690
420757
158580
637828
170088
554196
451411
79699
155027
490210
712612
703196
480228
523220
138047
447366
375302
424961
796852
627999
424324
433502
121074
583831
363597
582220
334240
237592
87310
320816
790867
322879
380521
513031
750032
534645
818525
613599
212923
513265
589651
124859
625186
729759
348153
574466
784707
213623
823432
512646
502137
79410
631857
472045
741271
535245
411149
355060
222578
382387
313073
440516
328895
338781
437447
169084
250326
300401
369345
220382
645578
686037
237258
781525
330354
473179
235647
185421
122389
365836
271749
385707
426882
134226
674318
525387
781832
352801
206626
427590
196440
594200
677081
322203
549724
295498
740095
463432
157612
420175
732950
584956
640766
652947
702249
461615
671165
624265
798923
372323
588411
537647
585481
557198
744203
675581
590899
524302
272177
597915
233820
78852
212912
372606
84644
748342
541448
695602
146240
600102
392018
228779
163549
83489
560580
171071
135712
584684
666822
577767
359785
146690
335400
477202
666576
733016
487273
629457
625380
592822
761798
396582
604439
828633
499263
689631
545086
356129
641104
292494
675521
593115
143595
691479
152791
734576
485891
534181
396698
781879
700911
642326
506249
335180
536187
76726
646968
681691
474928
633922
553571
739440
374404
731860
576638
369994
474494
417485
503934
626288
340716
428424
589172
572711
386472
768810
560186
375649
350412
273954
87432
565855
412540
746298
185365
606558
319010
95480
567157
251564
470025
657719
584987
729582
444189
761410
71919
378490
748359
758646
136072
809779
361273
203145
852778
552285
577707
576267
379084
557657
422632
604003
658305
763845
451723
345126
703752
656378
407246
321642
389002
212861
720656
200216
662317
491120
625575
829386
608126
441855
587906
185920
445343
81152
458351
320847
423183
116674
570976
598962
350886
669497
780433
202585
797808
647238
97115
631243
575345
182845
584618
600953
124338
345441
160801
407305
515966
678033
768669
657619
311271
684018
261782
506017
207532
368748
468052
431210
424761
497252
547389
407599
293237
69480
234690
328324
690737
384492
858621
214116
670615
203442
667667
612992
244042
392954
232474
576358
430026
392984
499826
681033
725750
558550
303000
295005
649548
454864
592026
195014
417429
525192
392540
404669
582812
146388
686659
593762
665487
434982
694843
662292
448184
395392
352586
198385
596349
632835
266606
286756
592174
518236
778670
660359
217486
608216
153798
662519
899719
502020
551062
874659
420849
684325
726516
622173
66139
396916
527568
70490
673396
831649
587914
745060
470579
651438
225816
328054
278193
585590
708795
515556
139369
485084
161182
573429
151233
158553
718897
506228
522389
614474
740933
451039
683791
273872
462939
692512
509426
769883
40986
800357
530320
427055
89657
715353
776760
724224
665944
627987
752552
610170
621829
436364
610498
226177
465974
540211
350399
311293
117316
641302
136289
563864
361011
433081
161011
757377
466478
479153
598495
773096
380743
655622
191774
385601
520400
250661
640575
510254
340310
561789
281698
375837
480765
669559
317941
730081
480368
304243
61631
721883
702377
278872
51240
538919
262608
400340
675683
613454
323446
621943
371575
326184
212656
224715
411087
471855
378554
619423
176996
427452
547234
474268
444417
48899
426154
578907
433192
382473
234037
284026
203889
202376
729952
509254
481789
377742
275846
722623
773627
546418
566256
554803
342475
412133
161064
145710
379845
556792
361790
726103
676878
639957
479733
576324
569021
680659
638002
63336
299290
590484
680323
939657
217994
164985
556391
504004
557559
143839
503489
87958
114859
481593
396386
281900
558566
578957
652838
573538
557214
553785
227435
753192
111735
257925
521844
358138
600946
559520
796223
243143
486670
546058
458693
290351
162176
543867
67510
771814
742413
467967
724432
218351
372807
175063
254581
514334
578306
651096
757743
207712
655992
264542
652476
545957
354776
567414
186765
146634
332027
192372
747413
746408
526605
564399
391139
417830
317428
484280
517088
390609
326224
442563
622214
266323
637723
316699
335026
590097
278368
158400
543262
439429
819051
251697
572265
463286
890427
473757
450355
826693
503016
232492
288785
333832
314090
519157
480383
622339
730901
430549
96781
653977
361597
143169
481019
745255
617831
289636
575697
516146
474221
649935
387249
453222
144692
186085
362161
779177
466710
412171
467028
80633
95539
688161
239440
226073
284112
579336
433022
728104
114249
343152
215353
700091
509762
645868
612820
743362
499234
488218
83544
513436
440153
510061
685367
493976
396040
628818
690886
237029
230551
320972
415452
54136
280492
280131
371443
703135
462720
484796
293521
577558
607862
660945
652598
791131
162165
324248
187793
454154
275961
85717
288612
644920
351269
611956
90618
564248
564709
736126
273339
424289
630415
452288
545402
532863
592267
464001
698113
698951
140271
726951
422633
689603
601125
491995
641459
633451
544017
64623
679333
64865
165203
550908
147121
438518
521213
503227
690761
95517
440558
303502
534055
528184
82392
225075
127755
232230
502882
539792
507143
357774
722081
131946
468729
428408
173172
370217
435262
306118
480586
518847
512284
733368
292961
326821
829458
503084
444327
213180
627023
211661
21759
427608
518651
535092
346924
645464
558825
322053
684610
586606
487921
606135
451090
325260
444167
559951
505807
690915
86654
629601
377786
393192
632904
363005
614252
251989
576830
86426
333503
295314
650560
503419
607670
705476
405377
788631
644156
636148
590197
461722
500690
632111
422708
277651
367176
646597
289411
139483
279940
646930
537078
211501
251557
503460
593166
217300
718441
333432
607481
309718
478201
540654
486773
229253
538289
385805
215700
860232
602334
632786
557752
549921
861780
360884
80477
427534
396545
427611
786077
518231
551226
554571
402624
692539
291218
307124
251312
262747
320898
722837
499664
779262
406332
699807
829459
637616
383747
458873
457970
492938
200409
417243
638170
455545
189386
432860
510755
327779
617636
63646
418960
144957
62097
589716
248175
648599
348501
347074
132810
258389
147807
302976
398290
356703
465227
749369
643382
554587
283991
403602
647174
570729
223506
100172
777389
739015
139241
706350
394594
318527
580112
636682
504606
237238
557132
484043
136790
429422
246565
33878
693155
380057
669407
328000
292083
447725
646018
418653
569303
517986
483427
780175
566380
858110
577724
139591
501154
599332
433871
672513
617019
429022
93860
191134
556384
555355
149030
577206
894385
532303
608968
150281
463783
663260
72973
671472
642221
787252
301524
205360
245319
456369
492712
731063
587828
522507
609924
573747
426762
336132
120016
542238
620831
492814
542194
250340
348078
393727
764602
172830
52182
389878
571939
512472
401881
247698
524949
636909
404083
545089
552586
688818
512684
275319
751187
261829
398374
321140
161185
578519
260284
656079
594781
613924
318244
688034
225538
607335
353752
478937
255691
487570
420608
540992
353099
639486
482497
713332
355536
677219
114381
497355
433758
69017
309222
370000
423488
455266
695712
806626
376056
283762
675006
772115
717396
370925
648130
211708
306162
561676
203219
643010
707000
160852
768699
151975
519759
669714
131288
455477
584904
458097
288124
255946
447808
374690
488477
261674
676072
115087
520393
803883
672910
395285
640766
482529
334334
299615
573684
222907
638872
469510
444251
216120
345700
481845
146080
753121
135554
367654
623243
491503
305843
505464
723138
247224
620071
187513
543045
451917
713574
842089
741320
507830
815388
536906
273313
554585
272564
260126
355012
506649
31734
598665
382503
309589
110854
661866
621161
548506
808512
472454
566961
455458
439017
197351
162512
508964
249270
645359
304727
972101
705330
401816
715438
139785
335105
294262
120286
662205
565584
505919
532319
598261
200901
448965
303642
185031
490886
634212
326877
289750
218143
670787
329864
57318
707186
595227
97716
213373
586485
697460
719198
631721
321861
647477
212603
313414
623182
499347
165991
603314
82022
330581
312709
550500
367799
637363
562061
252412
187818
597673
685227
424170
160682
629564
468611
335759
613254
323869
819097
456363
390459
507664
128460
449048
411174
612256
188114
430028
459828
136151
546108
600721
389978
129605
68227
147609
743733
233836
109360
719879
424895
545277
576124
151666
75211
499857
520733
300794
435765
94317
641334
547568
493695
591020
521334
623267
693447
55746
545839
449687
535039
426840
810778
31949
474819
628983
112504
183973
253340
203301
76084
687962
625217
59106
179265
652812
287557
368571
330888
648903
110583
701212
521374
410709
434629
307320
692466
311042
170773
621720
501502
674866
746429
457725
636145
575735
306288
547337
238296
412287
382720
683475
360604
486730
276348
460633
580202
424082
317266
649030
468236
512088
618233
506332
358279
617731
372156
713366
910015
216335
760458
483174
129027
68607
528848
341610
541521
187073
418248
441228
308412
198766
616642
694859
208162
679094
356898
558000
184125
620637
861374
349809
588430
712018
486449
665059
362158
725794
531404
513289
717408
384971
425359
513890
255693
415876
477553
692481
136939
104715
587173
430283
548530
402790
305501
342564
484856
700955
202377
292933
465889
521696
197202
369194
598049
546465
313323
269651
361865
224999
668735
455532
315064
659574
756471
353724
186676
434896
496851
499913
273560
795163
283202
435849
519983
474122
357633
836695
283157
618044
349462
486925
358190
453345
642479
864923
810756
245553
283676
230639
418330
544387
76961
52639
559014
75446
784562
758711
380556
646563
87992
436449
251098
67452
268394
446027
657464
278946
474895
568771
808734
336063
60306
456963
661848
144233
524957
367661
728141
671775
596552
103834
393244
628001
581525
619146
319435
535374
655110
717488
739265
623808
639479
461443
712511
377019
641180
588211
127894
557834
798824
678058
94059
711573
605116
213932
587116
322885
227384
150247
636446
27418
149920
691139
699167
549946
510058
523984
523584
677804
680330
317027
553403
380090
505637
427779
302240
593009
179127
382806
67698
357305
370175
423249
535942
596184
291447
539111
322187
823420
494311
410223
647471
679555
88532
733711
874171
226392
306836
184398
286260
659532
686508
158006
704299
459619
206959
615943
493674
496262
61090
617275
603529
477659
313353
585505
392688
617277
642120
292867
432936
631445
194313
463853
698355
180070
361141
398332
243217
559555
670854
631241
211102
641773
598129
217235
552125
327821
187235
378647
506485
365678
663364
600874
781698
668014
606383
792584
195518
767486
524625
591688
416179
263075
541078
46351
765594
374465
948371
253231
602241
595184
667595
767023
177692
398829
672957
353327
244599
484260
134655
363875
582307
649393
633405
726182
610819
527678
916522
410954
517964
360278
689097
471380
62701
248420
128392
556591
64891
365404
294901
507821
661388
654744
71737
217956
209983
71226
420105
257144
558929
408319
739176
237323
697497
349025
314596
44012
189082
439998
783426
258040
436978
319314
172206
374170
233205
649182
649124
478516
529372
765400
612220
690227
860452
344966
610177
525487
143538
323537
567151
563527
480811
571215
503279
428766
682356
678907
231384
372056
389468
370515
318708
199790
653703
638732
759847
370111
292852
410164
566632
200692
808229
118596
759930
686426
455817
287620
198455
436338
136341
414593
358348
770378
788218
751893
109061
927942
467670
506091
573810
628049
264967
903048
670840
582187
560528
327909
369882
596059
51475
270224
716441
819462
769123
296912
244693
399530
635018
381636
743623
320418
479906
725169
632848
672035
138526
695199
324656
503153
622572
633432
672946
597417
747199
595573
98701
151434
376710
108399
142866
538325
771296
506799
286350
402648
470985
532231
440222
298279
104583
540652
738335
160534
141086
698638
386723
434757
793843
534889
497592
543441
624054
502705
73945
210086
615881
288740
585806
542582
436028
742630
539989
211608
193480
76994
713834
470943
694784
589224
732937
521462
407426
427325
334812
255486
304460
158303
771329
292878
626763
806607
131183
469932
378379
344518
574607
404858
283721
399552
98454
19019
497301
495057
395803
482702
244218
650247
498762
843875
280467
182968
554767
370997
522836
121179
414306
70861
401374
539638
512243
73568
268890
576756
642482
249244
338803
594522
594466
727995
652561
344110
316668
254552
437129
639605
307941
743038
599389
147549
600929
488668
560947
581053
611922
211392
477020
360594
339545
403647
514554
575051
332620
345907
488678
342505
668513
319398
753487
511351
336790
336405
328486
763802
620028
253877
541111
123215
204655
475328
354950
216531
214102
674294
80431
436108
403985
570215
701685
278462
181912
576484
703907
177882
412410
512248
560257
104532
455477
242025
358941
677641
533570
479665
603488
590139
437331
892517
101109
599480
540295
149151
665229
472911
398871
347885
570770
495430
555200
638949
38610
590555
715863
508700
337177
515614
406494
538746
55486
166578
447099
542350
214798
620850
145027
168424
758128
77640
309264
517279
692025
391247
67663
385370
413550
358478
262422
46652
457519
617357
175370
747964
804713
376904
291891
344968
631035
170030
779526
475765
231070
604227
396310
489409
580062
838888
231966
709521
442401
708316
179828
562221
533933
207687
425811
541790
572950
642683
776207
724900
250469
225189
425494
222578
72371
429725
548308
279099
324148
630723
750331
192317
339711
303730
375078
706845
369146
159123
674317
678800
139461
351345
100605
722786
415585
669333
228131
598243
143786
403687
390879
720201
489827
632127
595167
524160
424918
568438
547913
78816
747169
589668
163415
761902
524934
58489
456678
443488
146123
533206
673092
290727
116116
219052
276952
449123
709388
449033
557651
294620
350478
363492
279147
284154
388611
37953
414995
179703
221300
510949
140554
260144
512362
380042
561885
433284
157888
287352
355792
353035
134426
611997
361180
527872
437827
304994
503905
483882
220693
594111
310417
78341
442125
464102
267358
285333
645918
731863
372951
370328
264463
157474
389531
177689
529803
679007
520798
381821
531176
460752
386298
456300
686621
231764
551926
649624
644197
568333
525287
131283
88936
672060
374861
209288
797782
483095
477201
595274
671218
657430
312416
797732
461539
699292
447295
324924
102476
792379
448778
737974
428750
131807
230040
633939
312947
662075
119458
632863
614629
231199
35161
273788
452120
434984
460894
331556
596012
143295
475776
591014
340615
401326
789166
303428
415012
87256
66911
405827
500501
136397
505238
112396
440980
671367
236734
215631
559126
499110
567960
691051
657235
770379
661425
198464
445332
381651
467811
444063
770257
614837
615804
361202
791709
596562
684266
475678
807549
542960
99888
392244
132254
413672
407240
490454
602579
449870
223167
381180
744381
432855
615004
462410
228000
277073
784270
235432
447554
600370
712571
662327
598736
478708
223413
811559
524829
297236
356296
273891
600903
361864
658683
653172
453125
559325
516264
424624
662713
691025
503489
837327
437092
601435
571023
572803
194326
200289
521438
569443
207580
508477
350150
415039
642715
367958
309260
655275
511579
252118
237158
263566
562002
483510
231076
695239
209032
174427
581680
566009
684650
436573
391017
623612
557313
615792
735329
99340
608232
426238
565919
613983
382586
563236
641509
612963
249607
322050
360775
720286
882970
225056
298972
476892
326266
324279
277627
479179
730171
703849
570291
621785
359281
584451
556373
585862
213727
551497
367330
695116
510944
596222
582202
627733
62464
262149
610929
353155
562836
447925
606433
689201
552310
466555
224998
674060
505968
377585
178642
157581
354896
607330
707126
293041
461950
774510
559427
387067
673111
568206
715694
401714
734836
807630
34598
764605
670395
797252
254141
85828
34058
589398
178291
68967
522192
315722
553516
316290
150458
60299
121046
564943
170522
611225
340081
357139
646806
619628
647769
425611
5626
68228
190137
622658
716426
738724
698988
300618
649585
686929
455171
384682
242754
754059
196603
619222
701189
314474
645462
284081
176112
609003
779557
639710
540258
120030
267904
500984
206117
297133
68913
43402
701483
421971
556282
205787
613781
677341
694203
460746
237901
300458
552693
472190
576176
514957
562208
898740
268572
301044
648818
450981
714996
576337
619158
78769
309229
131862
513930
710005
504270
809693
173219
287401
593454
180935
685885
597987
237667
560652
442551
619056
300824
319555
372966
42724
212843
257777
118714
499696
124791
665785
400686
273872
224489
312273
8661
452341
716730
325929
159357
249191
111706
84081
604153
228675
587157
77568
686877
331580
265401
314473
328796
628213
287849
280314
351229
663810
323211
382281
223939
551564
117164
649422
786350
58096
416163
310070
457065
637804
70071
358498
673235
576803
152934
695182
883316
412289
693920
567928
44741
60847
463907
647228
327784
62245
636846
637871
567001
194715
442926
463862
445853
128619
553950
514621
584129
191711
623963
542615
179724
664982
682563
413452
467991
354780
84944
721454
665417
344397
743257
85722
356997
275605
113675
444443
529000
156447
176628
318954
622693
441226
270780
468167
485815
100420
133685
623654
553597
424426
620350
592849
201161
694000
375817
615709
560975
492110
435314
610241
361928
394415
748391
461030
372697
730775
159988
581988
556456
89923
342747
442165
459154
241207
459989
405105
258381
745911
198226
681574
491171
765822
616473
699833
609416
785147
511980
507151
389516
257543
604332
682167
195378
604391
55870
491625
433929
840929
388740
466574
683256
398256
476756
691674
446116
177737
578297
453654
385903
464596
323984
75030
673879
421202
175441
786453
278041
467109
259970
280158
730668
327227
667521
306560
568400
91099
607172
502029
658704
718921
244352
646679
704817
387473
223411
724922
757783
336977
683271
655387
197240
708557
409060
174235
685875
546260
559991
457465
561224
765089
164133
440345
353740
782131
816662
301322
489337
175318
809206
554762
311362
458923
655063
141482
507824
590600
564536
248549
714775
603425
162360
223979
531845
568140
413052
334842
781464
652131
283257
325216
400622
731021
225643
133865
756630
613072
398749
275544
193492
225876
548502
681743
549297
590107
618904
449710
516208
466881
562264
399564
722840
279013
684004
519239
548913
386151
517577
235227
709167
264019
347434
628440
434154
426063
790191
99666
529159
518453
360349
105323
365899
709073
708986
523934
757595
536893
579745
434247
110073
263239
589575
144124
849582
201361
564802
667496
327364
52613
305527
269080
702043
513990
739429
623476
562009
772575
240426
775256
184439
497969
679048
857613
67331
929823
659302
261367
217361
379995
430431
580088
418979
327559
333087
504167
138891
250020
809347
719324
289567
306374
611653
637198
634142
376854
350907
435446
574565
349832
525987
426993
560695
756963
287655
474867
385117
511429
59531
673981
706248
704565
367562
523503
355180
556058
374508
304662
676816
283220
108165
276775
299664
541819
123433
630848
603004
498421
320587
570698
398129
638001
167092
113576
204827
143372
181240
430788
603365
262649
440525
167945
489241
195368
362138
103925
359012
513938
364593
803005
265374
736525
269965
540759
588074
571305
671812
263932
202063
649402
509718
640624
624638
700848
564291
142463
414607
566539
568046
203960
743052
210355
383167
631604
556605
402969
582961
437372
519567
500808
569492
384415
207848
229345
525145
589997
25218
700623
395853
92747
748743
59516
265211
148145
456903
492948
721906
662391
305397
668953
316135
403583
632599
162904
500289
625127
452214
592450
667203
658548
346697
378314
529534
261119
554467
757254
910220
471419
197190
210266
303013
97294
237990
388044
277693
714151
690318
760526
526789
183498
337809
844864
555367
198217
496584
595452
498177
717791
493415
468751
452768
744058
449534
637118
501985
636433
208005
503147
146854
513956
649352
552334
505093
629979
318482
