574279
372497
568743
533932
324637
292385
382979
528887
709991
610110
636026
110263
400084
472978
612650
447269
600443
70716
453771
301581
340197
294879
552504
585390
261200
366387
350527
493828
648031
515254
711825
617815
759884
781762
301201
81084
688163
749828
599199
306061
730153
450322
139289
453565
407509
262861
93926
702681
612280
576563
708022
297930
209799
648639
355950
560935
659288
692385
553501
252239
218475
686405
736943
924755
656604
845361
499252
605432
357481
442551
335221
545429
400179
271323
405771
640743
171633
403247
733824
407295
624842
490238
591778
652090
640934
464299
686117
343270
380579
538501
268237
579132
117709
298819
722771
463284
236025
604438
507441
281612
473951
221803
386224
341758
133009
160816
466809
166388
122478
267721
242465
586407
528484
521309
470448
704234
353072
674082
673053
334399
652708
646908
779242
506069
625129
684738
488930
586068
322145
693976
560774
766321
284468
399057
716652
694772
413615
537294
408992
68582
528039
60078
522917
683726
436990
674128
521537
486219
449559
361723
72006
467395
234989
697357
632320
69371
615151
745927
62480
181943
732540
558904
609898
300730
457782
518777
665955
640954
316452
396780
542783
528438
290317
501760
508793
766561
623162
578274
489707
389029
240200
585551
321642
255063
708331
714737
698525
722294
479669
395356
532998
217167
729106
243613
451502
219683
604340
569555
688902
391429
383250
582497
525376
208595
304551
557336
799801
430707
439596
722967
516967
561064
724068
397675
651511
200639
666656
140651
561216
666420
383782
168281
694604
611378
170171
302362
352467
603578
650383
211274
473426
466126
561179
117521
790041
241771
196149
420950
684090
472132
643210
202043
512456
122755
292685
1033792
669588
435299
448643
770724
334254
499824
64927
560964
697733
117123
354292
721752
479481
191506
445727
373338
559839
246516
298152
705166
573553
468394
533781
479150
291056
439621
81994
785236
264404
284745
130120
256500
218910
360636
110230
711231
577931
427848
444325
394378
535198
385346
672393
85942
381135
491817
751746
228812
303372
476798
601730
648229
276408
467668
880580
654777
746455
383654
471017
590199
335464
539103
577782
229328
674328
713182
734319
517704
460629
680270
285350
649482
406808
39199
526224
436844
766972
191150
512048
398129
518377
327287
468686
267540
607147
859901
427969
645474
723437
562702
212768
455466
531973
731596
695959
615962
605455
203844
455607
688889
242825
87122
814629
666539
157400
385349
147092
283980
446082
655598
631163
746496
76345
465635
313370
170270
61989
702362
503189
169715
353100
640847
309041
253103
584565
160660
502088
275656
586874
579494
701834
599025
267505
452495
501773
754379
586441
341893
55129
71405
496413
730249
432983
514079
668271
74841
441672
676014
328205
289701
388045
446080
778968
717006
561606
541369
608468
118879
591647
167490
90000
255455
640790
651320
272109
70214
605541
49695
706888
314118
268809
219825
428414
553217
630475
458153
296244
597074
433816
496630
412105
500608
270926
438209
405220
382533
158549
505179
663214
475128
796752
52825
307880
40564
474454
235689
351439
199972
174546
501877
755854
563473
599961
369775
731502
608153
461987
836542
345827
647137
311551
453675
120361
586430
617096
362961
195196
649622
744691
244653
565334
517575
687283
686770
650494
61477
543984
377910
200973
265714
717394
59597
465726
697363
361404
70309
643008
416232
519850
445572
495379
648506
251302
489301
398926
208977
266065
130928
426763
690565
198875
562166
655930
71707
345355
635210
277485
465935
204055
275817
629462
477935
504220
678000
510530
241566
372262
263524
147945
123809
247448
216276
753513
584048
226110
744503
459767
506399
478802
606344
215515
702202
336480
256026
590286
218678
689096
308411
474713
561329
665269
375035
525301
90827
432448
267388
290274
616766
336652
775312
192125
359961
385085
295248
474892
287568
249026
441131
711943
732088
121346
612065
466671
516373
732339
606628
780890
371341
710134
402192
391684
361864
575867
330063
364085
265768
290860
283247
432365
269341
750428
719696
333208
470924
837399
708018
258808
288399
417086
807484
592621
524965
575337
215556
792577
209593
419520
431226
553906
607899
43729
491158
567828
692066
350156
756650
588332
642243
697200
610324
732908
106871
641477
548858
326806
379642
687709
649749
801161
669108
749748
346716
773691
273378
465439
241937
380594
556895
269429
805071
506185
730249
588830
379197
642820
549510
385925
397649
314793
581605
202840
467369
486255
322627
559642
567751
630535
796216
256425
127338
357761
688785
440224
457939
293683
721381
324918
177770
637099
263333
219201
272640
313680
233474
727450
153047
266520
552595
425394
243763
388546
504183
180503
552838
431613
887079
442403
209626
211776
262677
218369
361211
207846
468943
624214
436076
373182
243833
571246
372185
487162
230096
364711
482237
488602
518735
257002
628183
197885
636361
782428
546701
380385
672555
116625
632851
548315
406827
509740
541326
764835
390105
585867
440793
433489
644448
390205
314040
599182
264012
301518
369719
602728
464589
738347
582923
537544
403090
67821
45884
617914
672275
763443
525228
179805
404488
552390
665735
618058
661060
613428
474641
544489
554564
252645
540034
359361
703124
695490
488910
714596
355223
669975
170132
484511
666857
223008
493727
186618
628112
244072
141139
500662
696478
487043
564609
747308
104704
686769
597890
409681
402481
266769
623596
536332
239387
468503
790839
665491
568668
395141
347531
806921
345372
663980
576694
647385
793851
724423
557010
636974
510262
330464
652764
465028
313993
76450
120938
821994
132830
624080
477669
372074
688410
762364
177321
703049
207559
595382
626853
657516
691340
358742
990510
426533
408197
121356
53446
674290
544199
520898
635165
757075
243295
774382
615127
319018
469047
493835
701618
430004
621016
774807
494660
77522
61628
497441
829789
675022
715751
206299
574958
714412
443773
229595
497430
482327
539684
723141
565028
454173
775546
520150
418566
242329
577255
697288
608383
698905
542068
242581
554727
345511
532027
541102
723738
685525
442957
631298
731892
588828
317643
365574
245943
459556
275032
503969
594982
593585
428724
618584
694503
524844
66337
707742
487086
545006
578644
830698
442379
755782
445605
721751
711562
210100
659706
607812
676082
762619
124192
530341
693946
474818
412978
352740
439386
645782
549406
569993
719716
343734
434295
590169
736769
222826
556749
454881
632846
331973
259807
689940
332580
516078
412692
557889
251036
428469
514985
719609
576961
89480
715286
282791
689253
703890
731913
472739
473864
749896
322673
256169
65440
548414
555105
433977
474870
665153
264966
348279
506622
814188
425826
728549
508716
613325
320896
545457
719818
360468
425986
215316
661307
310520
687790
684749
423088
663191
694092
591401
71376
110289
479844
598844
468246
418867
582550
222882
784300
197234
506819
440274
543229
367377
738606
527570
244843
609773
335043
644702
580772
640286
144011
333811
492689
512910
292455
476114
351345
200556
633085
451859
640564
725363
401743
