546
13.3 68/6 300 9
6.5 43/10 187 98
18.3 23/0 39 86
15.2 39/4 166 11
2.1 29/9 127 68
9.5 236/5 251 61
10.1 42/9 283 66
20.0 1/6 20 14
12.3 58/10 291 71
12.5 113/4 180 41
5.5 83/9 237 14
8.4 187/5 201 76
2.2 85/3 281 93
6.1 112/7 160 55
8.5 58/10 193 6
2.1 115/10 207 3
11.5 21/6 82 12
12.0 35/1 125 68
2.1 26/7 48 9
1.2 33/4 122 22
6.2 49/7 108 37
2.1 17/4 64 58
19.5 215/7 218 53
5.0 0/7 6 42
11.3 39/5 262 88
19.3 170/4 238 94
14.0 19/10 120 13
8.1 51/5 233 43
11.4 0/7 74 39
15.1 87/8 92 88
9.5 58/1 221 83
12.3 80/2 223 92
3.0 204/8 240 61
3.3 169/6 171 33
12.2 135/6 250 50
20.0 11/5 11 91
10.2 94/9 296 33
18.3 77/4 240 1
17.4 129/0 136 58
7.5 5/6 235 83
12.1 145/2 164 89
10.5 3/1 15 98
8.4 1/10 258 1
11.0 137/6 187 58
1.5 128/7 132 79
2.5 165/7 241 28
6.2 32/9 40 62
10.2 80/10 197 29
5.5 33/1 178 19
18.0 12/10 17 23
2.3 254/4 273 51
1.5 61/9 175 87
20.0 28/7 104 81
2.0 186/2 289 32
10.4 197/1 230 82
2.3 30/8 222 14
20.0 69/0 112 86
4.5 50/8 229 98
2.0 49/1 93 33
4.3 14/0 37 58
20.0 42/6 111 82
20.0 5/9 90 24
17.5 111/1 137 49
5.4 15/9 37 78
18.3 131/0 234 71
19.2 20/4 187 54
20.0 10/8 23 51
11.3 9/0 20 95
14.4 111/0 132 90
11.1 40/3 194 48
17.1 160/3 171 24
11.0 75/5 131 43
1.2 55/9 81 49
14.5 117/2 229 60
7.1 159/10 197 69
16.3 55/6 61 17
12.2 32/1 33 74
17.4 19/0 208 30
20.0 110/5 234 7
3.3 133/1 143 40
2.5 118/1 253 31
18.5 195/2 244 14
6.4 54/3 113 7
1.1 12/1 18 57
16.4 8/9 16 63
13.5 0/9 1 22
8.3 17/3 18 75
9.1 86/4 213 70
16.3 10/5 73 41
6.3 13/2 19 73
8.3 210/1 287 100
2.5 35/3 117 74
1.0 18/6 66 10
18.1 0/8 100 7
5.0 22/5 31 73
6.4 177/7 256 10
19.3 47/10 91 31
11.1 234/2 260 97
12.5 106/8 247 91
14.1 14/2 106 13
20.0 229/6 232 43
5.0 128/2 152 19
12.4 68/8 145 33
10.1 66/5 255 16
14.1 67/0 72 43
11.5 205/5 280 4
5.2 32/1 37 80
9.3 18/7 103 28
16.5 63/9 100 94
17.4 4/5 19 99
6.3 52/10 203 48
2.5 60/9 82 54
4.2 79/3 80 29
9.3 180/4 285 60
16.1 100/8 167 32
1.3 131/8 141 83
15.4 77/2 107 36
12.4 173/2 271 31
9.4 17/2 101 25
12.3 27/7 232 87
1.2 6/3 30 20
11.1 47/6 250 92
16.0 80/9 193 43
15.1 119/1 225 100
19.0 15/7 116 50
19.0 28/2 47 1
2.2 147/8 180 18
7.5 131/0 154 80
20.0 250/6 269 42
8.2 69/10 150 90
13.1 25/4 145 90
18.3 19/9 62 9
13.0 15/1 82 16
8.5 122/5 278 56
20.0 32/0 61 86
8.5 3/1 21 36
20.0 63/10 128 64
5.4 32/5 292 54
10.0 61/6 107 100
1.5 4/9 11 12
5.3 96/0 121 76
8.4 6/5 208 75
12.1 228/9 258 90
20.0 249/9 263 59
15.3 102/10 148 3
3.0 4/7 7 51
1.5 158/8 220 29
20.0 11/5 40 69
12.0 13/4 85 16
17.0 5/5 15 76
14.3 45/3 125 25
12.3 66/4 106 65
11.0 63/2 127 61
12.2 0/8 36 14
20.0 23/1 254 19
17.4 156/5 249 55
14.4 203/2 225 83
1.3 69/0 128 61
9.0 179/4 297 94
4.3 52/9 214 78
18.0 28/5 97 60
7.4 51/3 120 41
17.2 55/5 220 51
16.1 55/10 160 79
5.3 28/8 81 45
16.4 180/6 289 90
9.1 89/8 123 40
12.4 79/8 147 89
12.0 165/8 196 59
1.3 14/7 64 45
16.4 11/3 164 3
16.0 39/5 231 54
16.4 17/2 67 70
15.1 257/2 297 22
19.1 0/3 24 79
9.5 53/2 279 26
6.4 139/2 139 57
15.0 38/8 67 81
6.0 80/7 243 74
5.5 114/9 134 15
19.3 47/2 107 51
1.1 66/5 80 9
12.1 23/2 34 89
8.1 3/1 80 51
5.5 29/0 53 39
20.0 145/0 183 54
18.3 158/2 280 84
2.0 8/8 88 65
3.4 23/2 230 34
16.2 118/8 225 72
13.1 47/9 59 43
1.3 29/8 259 26
1.1 102/5 253 59
1.3 39/2 76 86
17.3 102/7 155 31
15.4 5/9 124 90
14.2 36/5 191 12
6.0 0/0 17 78
11.0 6/6 34 48
10.1 4/1 35 5
16.2 93/4 132 67
19.0 34/2 266 54
9.4 99/1 208 71
19.4 12/7 150 89
12.3 201/3 212 46
19.3 0/5 241 98
2.0 8/9 48 45
18.0 130/6 172 84
12.3 29/7 89 1
8.0 34/2 182 52
3.3 69/5 70 80
9.5 80/10 89 60
17.4 40/8 231 19
15.0 20/3 181 68
9.3 9/2 134 65
17.1 61/5 74 11
8.2 10/1 168 9
4.3 207/2 211 76
9.5 19/0 27 7
11.5 17/5 63 37
18.4 17/6 242 100
18.0 45/5 84 54
11.3 187/2 224 73
16.4 61/10 291 88
4.0 15/8 261 45
2.3 30/7 31 29
9.3 15/6 72 36
17.0 73/4 156 32
10.1 6/6 266 18
20.0 67/0 238 22
1.0 86/7 220 79
7.4 158/6 254 53
4.4 183/10 298 2
4.4 28/4 37 19
10.2 259/0 274 79
20.0 4/1 15 95
3.1 23/2 145 48
2.1 37/7 101 4
3.4 67/0 288 92
5.1 19/6 41 52
11.4 77/0 279 56
18.1 48/6 180 51
7.2 124/7 263 34
1.1 56/6 87 3
1.1 49/10 184 10
3.3 25/10 153 36
1.5 70/4 165 95
5.1 229/10 248 2
13.3 0/2 28 70
15.1 25/9 123 99
13.4 10/7 13 98
15.2 127/1 140 28
19.1 115/8 140 6
15.5 56/3 105 7
7.5 84/0 125 66
15.3 112/5 198 76
14.4 55/3 224 18
16.0 110/7 114 95
4.4 108/3 157 58
4.0 57/3 141 46
14.4 118/4 126 57
2.0 56/7 245 43
11.0 2/6 10 50
6.1 123/7 151 28
6.4 206/8 257 11
10.5 272/9 274 62
13.0 0/10 27 6
1.1 56/10 96 69
18.2 207/3 300 93
3.4 108/10 146 7
3.2 72/8 184 88
1.0 206/10 269 31
10.5 10/8 258 82
19.2 99/0 141 34
14.5 18/1 75 98
19.1 136/7 268 4
12.4 37/2 118 44
4.1 255/1 258 41
16.4 9/5 184 60
11.2 116/3 256 14
19.4 70/8 145 64
1.4 7/10 88 67
13.1 15/10 37 1
4.4 18/10 152 100
7.1 6/3 19 5
13.5 1/3 23 60
17.0 1/8 3 42
16.3 9/5 270 50
6.3 62/8 163 62
9.4 241/9 262 94
8.5 138/8 257 26
2.1 107/1 288 10
1.1 110/3 295 78
19.5 12/9 214 26
13.4 189/5 219 9
6.4 101/6 284 13
7.0 105/4 137 2
1.0 6/3 8 94
19.2 25/9 59 47
20.0 84/1 249 55
8.3 28/10 35 50
7.4 1/9 91 10
11.4 123/7 154 64
12.4 18/1 155 10
9.4 46/2 290 70
7.0 28/2 35 72
6.5 177/1 300 27
12.2 78/5 194 95
4.4 13/3 18 73
16.5 10/10 97 47
2.0 67/10 218 85
7.5 232/0 282 84
8.2 196/0 299 12
12.4 8/9 220 90
13.1 116/9 131 14
16.2 52/4 67 39
11.5 38/0 44 11
11.3 19/3 69 79
18.4 10/3 32 78
20.0 0/2 131 84
10.0 15/7 26 51
4.1 188/2 235 38
2.5 79/3 293 46
7.2 20/7 170 80
3.5 146/9 279 46
14.1 116/10 284 42
19.5 43/8 259 65
6.5 10/5 10 13
5.1 104/4 151 83
9.3 181/2 267 40
6.0 46/4 196 66
8.0 193/1 241 8
7.5 96/1 239 73
14.2 96/2 179 50
12.3 114/3 289 29
13.5 48/7 86 56
8.3 227/5 268 97
2.2 118/10 148 98
4.1 28/8 67 51
19.2 4/5 15 22
18.0 5/8 47 61
9.1 84/7 104 24
10.0 161/5 198 28
19.3 48/7 104 29
14.1 96/1 186 87
1.0 36/5 99 50
5.1 133/3 229 14
12.5 9/6 9 58
3.0 77/4 176 96
16.1 141/3 268 82
2.4 154/4 155 74
14.0 221/7 260 78
4.4 137/8 213 46
11.5 67/2 120 30
1.0 1/1 130 72
2.5 57/10 172 94
1.0 99/5 170 60
12.4 51/5 266 57
19.5 122/8 271 86
4.5 76/7 96 92
20.0 15/8 126 37
15.4 32/3 84 12
3.1 135/10 149 38
2.3 120/8 167 12
16.3 279/5 293 1
10.0 23/5 44 32
14.1 2/4 17 84
3.3 12/6 13 42
6.4 68/5 160 68
8.0 56/4 198 46
1.5 220/5 242 58
16.3 93/7 137 54
10.2 98/2 216 69
11.0 33/8 146 61
2.2 114/1 138 41
13.0 25/0 188 40
18.4 31/3 75 58
14.1 148/7 159 45
17.3 117/5 219 60
19.5 12/9 19 38
14.2 1/1 89 2
18.1 84/7 118 54
9.3 0/1 0 34
3.3 59/9 210 4
9.1 74/7 228 45
9.4 137/0 218 90
1.5 63/1 122 99
20.0 84/2 90 6
14.2 172/8 269 100
7.5 240/2 290 40
1.0 38/4 115 89
15.0 13/6 143 87
1.1 43/9 112 86
15.3 56/3 97 37
17.5 98/7 226 21
20.0 47/9 54 19
14.0 195/0 237 29
13.1 37/3 277 67
12.0 30/7 224 63
9.1 68/0 83 33
9.4 229/8 267 33
9.1 259/0 286 84
4.3 99/5 107 27
18.4 13/4 131 65
10.1 26/8 135 52
6.3 2/1 19 2
8.1 21/6 34 37
17.0 192/6 276 17
14.3 14/5 24 13
5.5 96/2 157 14
8.0 213/7 240 41
2.0 56/6 75 39
14.5 7/10 19 31
4.3 141/5 187 55
17.3 118/1 236 68
14.2 68/10 202 48
2.1 112/8 236 5
3.0 59/8 143 71
19.4 78/9 87 3
5.1 220/4 276 81
9.5 173/2 202 23
18.1 8/9 19 10
18.0 12/0 62 99
17.0 23/5 26 92
5.2 257/6 262 19
6.0 15/8 76 67
15.3 51/7 72 12
19.4 4/4 145 55
14.5 19/6 85 26
15.5 3/9 61 28
12.2 40/0 291 94
2.2 2/8 44 37
1.3 0/6 1 65
15.2 46/7 207 70
17.1 191/10 204 86
1.1 0/8 0 69
18.2 57/4 211 31
13.0 1/8 7 38
16.1 22/9 148 15
1.3 42/6 75 44
3.2 171/6 289 8
2.5 8/0 27 43
19.2 1/1 1 19
18.4 9/6 49 19
13.5 205/4 239 78
11.0 20/10 107 31
10.0 13/9 139 31
20.0 145/10 167 60
11.3 129/6 268 46
15.5 45/3 50 79
11.2 23/9 103 76
17.2 21/0 250 12
16.1 39/4 44 16
18.4 10/9 14 77
20.0 16/6 93 8
5.3 103/3 170 28
10.5 150/9 284 25
7.2 56/5 101 65
5.5 131/7 208 27
4.2 140/4 231 27
5.0 1/6 227 19
4.5 237/9 264 30
15.2 168/7 219 88
6.3 233/2 251 51
1.4 3/9 62 59
16.1 39/5 83 38
2.4 7/9 177 44
12.3 87/9 245 23
8.4 84/7 214 8
14.2 157/9 279 72
4.0 96/5 221 10
12.0 60/0 84 77
9.3 116/3 168 83
9.1 102/1 188 31
1.5 11/7 12 76
1.4 53/5 163 62
20.0 115/1 274 69
10.0 203/7 222 52
18.3 56/9 300 88
4.3 63/3 131 47
18.1 58/3 104 6
11.0 38/7 97 51
5.3 165/5 165 36
19.4 4/3 138 87
15.4 75/5 101 97
8.0 83/2 243 1
19.1 27/8 54 64
5.2 28/5 243 32
7.5 80/3 111 24
5.2 201/6 217 39
1.5 11/6 38 71
3.4 122/9 217 59
17.3 14/4 40 87
4.0 4/5 20 76
11.1 40/9 164 59
14.1 5/7 166 82
13.3 188/1 287 47
16.5 80/1 274 95
16.2 51/1 116 87
2.5 143/3 248 7
7.1 149/3 219 34
13.3 139/3 259 14
3.4 35/9 186 12
17.5 26/3 68 39
9.2 251/6 273 16
6.5 102/8 224 36
15.5 162/10 187 54
20.0 16/1 84 79
11.1 224/6 267 69
4.1 104/9 267 100
19.2 92/2 222 88
14.2 115/7 156 71
5.0 163/8 201 22
17.0 11/5 199 10
18.4 33/4 245 31
8.2 20/3 42 21
14.3 0/9 156 31
13.1 24/3 72 86
3.1 0/1 128 70
4.3 49/0 108 70
8.4 27/5 92 60
4.2 16/5 78 61
11.5 3/6 198 79
4.1 1/9 32 93
8.2 126/0 298 14
7.4 5/9 8 21
4.5 152/0 214 61
18.2 4/2 6 53
2.2 80/5 211 7
1.2 1/1 50 1
7.2 35/9 120 50
9.2 6/10 177 25
13.5 38/6 71 13
1.5 73/4 208 68
7.0 129/10 266 69
19.0 4/0 5 44
19.4 171/5 193 56
2.0 75/2 233 75
12.3 63/10 107 12
3.1 6/1 289 83
15.0 41/9 145 11
4.5 9/5 40 35
18.4 69/8 222 50
7.2 198/8 257 72
8.5 192/4 233 54
18.0 60/3 91 78
